% FILE: MIPSI.6
%
%       t         P_No_Rcm[1]    P_No_Rcm[2]    P_No_Rcm[3]     N_R[1,1]       N_R[1,2]       N_R[1,3]       N_R[2,1]       N_R[2,2]       N_R[2,3]       N_R[3,1]       N_R[3,2]       N_R[3,3]
%   (second)        (meter)        (meter)        (meter)       (NoUnits)      (NoUnits)      (NoUnits)      (NoUnits)      (NoUnits)      (NoUnits)      (NoUnits)      (NoUnits)      (NoUnits)

  0.000000E+00  -1.484808E+00   2.500000E-01   0.000000E+00   1.000000E+00  -0.000000E+00   0.000000E+00   0.000000E+00   1.000000E+00   0.000000E+00   0.000000E+00   0.000000E+00   1.000000E+00 
  2.000000E-02  -1.476048E+00   2.500000E-01   0.000000E+00   9.993862E-01   3.503043E-02   0.000000E+00  -3.503043E-02   9.993862E-01   0.000000E+00   0.000000E+00   0.000000E+00   1.000000E+00 
  4.000000E-02  -1.451932E+00   2.500000E-01   0.000000E+00   9.913659E-01   1.311244E-01   0.000000E+00  -1.311244E-01   9.913659E-01   0.000000E+00   0.000000E+00   0.000000E+00   1.000000E+00 
  6.000000E-02  -1.415076E+00   2.500000E-01   0.000000E+00   9.613515E-01   2.753239E-01   0.000000E+00  -2.753239E-01   9.613515E-01   0.000000E+00   0.000000E+00   0.000000E+00   1.000000E+00 
  8.000000E-02  -1.369631E+00   2.500000E-01   0.000000E+00   8.957382E-01   4.445819E-01   0.000000E+00  -4.445819E-01   8.957382E-01   0.000000E+00   0.000000E+00   0.000000E+00   1.000000E+00 
  1.000000E-01  -1.320189E+00   2.500000E-01   0.000000E+00   7.909274E-01   6.119100E-01   0.000000E+00  -6.119100E-01   7.909274E-01   0.000000E+00   0.000000E+00   0.000000E+00   1.000000E+00 
  1.200000E-01  -1.270569E+00   2.500000E-01   0.000000E+00   6.547433E-01   7.558513E-01   0.000000E+00  -7.558513E-01   6.547433E-01   0.000000E+00   0.000000E+00   0.000000E+00   1.000000E+00 
  1.400000E-01  -1.223370E+00   2.500000E-01   0.000000E+00   5.012515E-01   8.653016E-01   0.000000E+00  -8.653016E-01   5.012515E-01   0.000000E+00   0.000000E+00   0.000000E+00   1.000000E+00 
  1.600000E-01  -1.180023E+00   2.500000E-01   0.000000E+00   3.444556E-01   9.388026E-01   0.000000E+00  -9.388026E-01   3.444556E-01   0.000000E+00   0.000000E+00   0.000000E+00   1.000000E+00 
  1.800000E-01  -1.141058E+00   2.500000E-01   0.000000E+00   1.945471E-01   9.808932E-01   0.000000E+00  -9.808932E-01   1.945471E-01   0.000000E+00   0.000000E+00   0.000000E+00   1.000000E+00 
  2.000000E-01  -1.106397E+00   2.500000E-01   0.000000E+00   5.712167E-02   9.983672E-01   0.000000E+00  -9.983672E-01   5.712167E-02   0.000000E+00   0.000000E+00   0.000000E+00   1.000000E+00 
  2.200000E-01  -1.075626E+00   2.500000E-01   0.000000E+00  -6.588207E-02   9.978274E-01   0.000000E+00  -9.978274E-01  -6.588207E-02   0.000000E+00   0.000000E+00   0.000000E+00   1.000000E+00 
  2.400000E-01  -1.048187E+00   2.500000E-01   0.000000E+00  -1.747848E-01   9.846067E-01   0.000000E+00  -9.846067E-01  -1.747848E-01   0.000000E+00   0.000000E+00   0.000000E+00   1.000000E+00 
  2.600000E-01  -1.023503E+00   2.500000E-01   0.000000E+00  -2.709932E-01   9.625813E-01   0.000000E+00  -9.625813E-01  -2.709932E-01   0.000000E+00   0.000000E+00   0.000000E+00   1.000000E+00 
  2.800000E-01  -1.001049E+00   2.500000E-01   0.000000E+00  -3.562393E-01   9.343948E-01   0.000000E+00  -9.343948E-01  -3.562393E-01   0.000000E+00   0.000000E+00   0.000000E+00   1.000000E+00 
  3.000000E-01  -9.803826E-01   2.500000E-01   0.000000E+00  -4.321759E-01   9.017893E-01   0.000000E+00  -9.017893E-01  -4.321759E-01   0.000000E+00   0.000000E+00   0.000000E+00   1.000000E+00 
  3.200000E-01  -9.611486E-01   2.500000E-01   0.000000E+00  -5.002091E-01   8.659047E-01   0.000000E+00  -8.659047E-01  -5.002091E-01   0.000000E+00   0.000000E+00   0.000000E+00   1.000000E+00 
  3.400000E-01  -9.430705E-01   2.500000E-01   0.000000E+00  -5.614630E-01   8.275018E-01   0.000000E+00  -8.275018E-01  -5.614630E-01   0.000000E+00   0.000000E+00   0.000000E+00   1.000000E+00 
  3.600000E-01  -9.259388E-01   2.500000E-01   0.000000E+00  -6.168070E-01   7.871144E-01   0.000000E+00  -7.871144E-01  -6.168070E-01   0.000000E+00   0.000000E+00   0.000000E+00   1.000000E+00 
  3.800000E-01  -9.160306E-01   2.500000E-01   0.000000E+00  -6.475100E-01   7.620569E-01   0.000000E+00  -7.620569E-01  -6.475100E-01   0.000000E+00   0.000000E+00   0.000000E+00   1.000000E+00 
  4.000000E-01  -9.219535E-01   2.500000E-01   0.000000E+00  -6.292755E-01   7.771823E-01   0.000000E+00  -7.771823E-01  -6.292755E-01   0.000000E+00   0.000000E+00   0.000000E+00   1.000000E+00 
  4.200000E-01  -9.304078E-01   2.500000E-01   0.000000E+00  -6.026386E-01   7.980142E-01   0.000000E+00  -7.980142E-01  -6.026386E-01   0.000000E+00   0.000000E+00   0.000000E+00   1.000000E+00 
  4.400000E-01  -9.404104E-01   2.500000E-01   0.000000E+00  -5.702359E-01   8.214810E-01   0.000000E+00  -8.214810E-01  -5.702359E-01   0.000000E+00   0.000000E+00   0.000000E+00   1.000000E+00 
  4.600000E-01  -9.517483E-01   2.500000E-01   0.000000E+00  -5.324070E-01   8.464885E-01   0.000000E+00  -8.464885E-01  -5.324070E-01   0.000000E+00   0.000000E+00   0.000000E+00   1.000000E+00 
  4.800000E-01  -9.642412E-01   2.500000E-01   0.000000E+00  -4.894595E-01   8.720260E-01   0.000000E+00  -8.720260E-01  -4.894595E-01   0.000000E+00   0.000000E+00   0.000000E+00   1.000000E+00 
  5.000000E-01  -9.777359E-01   2.500000E-01   0.000000E+00  -4.416984E-01   8.971636E-01   0.000000E+00  -8.971636E-01  -4.416984E-01   0.000000E+00   0.000000E+00   0.000000E+00   1.000000E+00 
  5.200000E-01  -9.921196E-01   2.500000E-01   0.000000E+00  -3.893781E-01   9.210780E-01   0.000000E+00  -9.210780E-01  -3.893781E-01   0.000000E+00   0.000000E+00   0.000000E+00   1.000000E+00 
  5.400000E-01  -1.007406E+00   2.500000E-01   0.000000E+00  -3.323656E-01   9.431506E-01   0.000000E+00  -9.431506E-01  -3.323656E-01   0.000000E+00   0.000000E+00   0.000000E+00   1.000000E+00 
  5.600000E-01  -1.026329E+00   2.500000E-01   0.000000E+00  -2.600932E-01   9.655835E-01   0.000000E+00  -9.655835E-01  -2.600932E-01   0.000000E+00   0.000000E+00   0.000000E+00   1.000000E+00 
  5.800000E-01  -1.047281E+00   2.500000E-01   0.000000E+00  -1.783530E-01   9.839666E-01   0.000000E+00  -9.839666E-01  -1.783530E-01   0.000000E+00   0.000000E+00   0.000000E+00   1.000000E+00 
  6.000000E-01  -1.068175E+00   2.500000E-01   0.000000E+00  -9.558971E-02   9.954208E-01   0.000000E+00  -9.954208E-01  -9.558971E-02   0.000000E+00   0.000000E+00   0.000000E+00   1.000000E+00 
  6.200000E-01  -1.088020E+00   2.500000E-01   0.000000E+00  -1.635337E-02   9.998663E-01   0.000000E+00  -9.998663E-01  -1.635337E-02   0.000000E+00   0.000000E+00   0.000000E+00   1.000000E+00 
  6.400000E-01  -1.106438E+00   2.500000E-01   0.000000E+00   5.728520E-02   9.983579E-01   0.000000E+00  -9.983579E-01   5.728520E-02   0.000000E+00   0.000000E+00   0.000000E+00   1.000000E+00 
  6.600000E-01  -1.123364E+00   2.500000E-01   0.000000E+00   1.246977E-01   9.921948E-01   0.000000E+00  -9.921948E-01   1.246977E-01   0.000000E+00   0.000000E+00   0.000000E+00   1.000000E+00 
  6.800000E-01  -1.138885E+00   2.500000E-01   0.000000E+00   1.860170E-01   9.825465E-01   0.000000E+00  -9.825465E-01   1.860170E-01   0.000000E+00   0.000000E+00   0.000000E+00   1.000000E+00 
  7.000000E-01  -1.153145E+00   2.500000E-01   0.000000E+00   2.417269E-01   9.703443E-01   0.000000E+00  -9.703443E-01   2.417269E-01   0.000000E+00   0.000000E+00   0.000000E+00   1.000000E+00 
  7.200000E-01  -1.166301E+00   2.500000E-01   0.000000E+00   2.924335E-01   9.562859E-01   0.000000E+00  -9.562859E-01   2.924335E-01   0.000000E+00   0.000000E+00   0.000000E+00   1.000000E+00 
  7.400000E-01  -1.178505E+00   2.500000E-01   0.000000E+00   3.387470E-01   9.408775E-01   0.000000E+00  -9.408775E-01   3.387470E-01   0.000000E+00   0.000000E+00   0.000000E+00   1.000000E+00 
  7.600000E-01  -1.189890E+00   2.500000E-01   0.000000E+00   3.812273E-01   9.244813E-01   0.000000E+00  -9.244813E-01   3.812273E-01   0.000000E+00   0.000000E+00   0.000000E+00   1.000000E+00 
  7.800000E-01  -1.200570E+00   2.500000E-01   0.000000E+00   4.203635E-01   9.073558E-01   0.000000E+00  -9.073558E-01   4.203635E-01   0.000000E+00   0.000000E+00   0.000000E+00   1.000000E+00 
  8.000000E-01  -1.210643E+00   2.500000E-01   0.000000E+00   4.565714E-01   8.896868E-01   0.000000E+00  -8.896868E-01   4.565714E-01   0.000000E+00   0.000000E+00   0.000000E+00   1.000000E+00 
  8.200000E-01  -1.220188E+00   2.500000E-01   0.000000E+00   4.901990E-01   8.716106E-01   0.000000E+00  -8.716106E-01   4.901990E-01   0.000000E+00   0.000000E+00   0.000000E+00   1.000000E+00 
  8.400000E-01  -1.229271E+00   2.500000E-01   0.000000E+00   5.215346E-01   8.532301E-01   0.000000E+00  -8.532301E-01   5.215346E-01   0.000000E+00   0.000000E+00   0.000000E+00   1.000000E+00 
  8.600000E-01  -1.237944E+00   2.500000E-01   0.000000E+00   5.508162E-01   8.346266E-01   0.000000E+00  -8.346266E-01   5.508162E-01   0.000000E+00   0.000000E+00   0.000000E+00   1.000000E+00 
  8.800000E-01  -1.246251E+00   2.500000E-01   0.000000E+00   5.782400E-01   8.158667E-01   0.000000E+00  -8.158667E-01   5.782400E-01   0.000000E+00   0.000000E+00   0.000000E+00   1.000000E+00 
  9.000000E-01  -1.254226E+00   2.500000E-01   0.000000E+00   6.039676E-01   7.970089E-01   0.000000E+00  -7.970089E-01   6.039676E-01   0.000000E+00   0.000000E+00   0.000000E+00   1.000000E+00 
  9.200000E-01  -1.261897E+00   2.500000E-01   0.000000E+00   6.281330E-01   7.781060E-01   0.000000E+00  -7.781060E-01   6.281330E-01   0.000000E+00   0.000000E+00   0.000000E+00   1.000000E+00 
  9.400000E-01  -1.269284E+00   2.500000E-01   0.000000E+00   6.508476E-01   7.592084E-01   0.000000E+00  -7.592084E-01   6.508476E-01   0.000000E+00   0.000000E+00   0.000000E+00   1.000000E+00 
  9.600000E-01  -1.276404E+00   2.500000E-01   0.000000E+00   6.722048E-01   7.403653E-01   0.000000E+00  -7.403653E-01   6.722048E-01   0.000000E+00   0.000000E+00   0.000000E+00   1.000000E+00 
  9.800000E-01  -1.283271E+00   2.500000E-01   0.000000E+00   6.922835E-01   7.216257E-01   0.000000E+00  -7.216257E-01   6.922835E-01   0.000000E+00   0.000000E+00   0.000000E+00   1.000000E+00 
  1.000000E+00  -1.289892E+00   2.500000E-01   0.000000E+00   7.111514E-01   7.030389E-01   0.000000E+00  -7.030389E-01   7.111514E-01   0.000000E+00   0.000000E+00   0.000000E+00   1.000000E+00 
  1.020000E+00  -1.296275E+00   2.500000E-01   0.000000E+00   7.288672E-01   6.846551E-01   0.000000E+00  -6.846551E-01   7.288672E-01   0.000000E+00   0.000000E+00   0.000000E+00   1.000000E+00 
  1.040000E+00  -1.302423E+00   2.500000E-01   0.000000E+00   7.454827E-01   6.665250E-01   0.000000E+00  -6.665250E-01   7.454827E-01   0.000000E+00   0.000000E+00   0.000000E+00   1.000000E+00 
  1.060000E+00  -1.308339E+00   2.500000E-01   0.000000E+00   7.610442E-01   6.487000E-01   0.000000E+00  -6.487000E-01   7.610442E-01   0.000000E+00   0.000000E+00   0.000000E+00   1.000000E+00 
  1.080000E+00  -1.314022E+00   2.500000E-01   0.000000E+00   7.755938E-01   6.312323E-01   0.000000E+00  -6.312323E-01   7.755938E-01   0.000000E+00   0.000000E+00   0.000000E+00   1.000000E+00 
  1.100000E+00  -1.319473E+00   2.500000E-01   0.000000E+00   7.891706E-01   6.141741E-01   0.000000E+00  -6.141741E-01   7.891706E-01   0.000000E+00   0.000000E+00   0.000000E+00   1.000000E+00 
  1.120000E+00  -1.324689E+00   2.500000E-01   0.000000E+00   8.018109E-01   5.975778E-01   0.000000E+00  -5.975778E-01   8.018109E-01   0.000000E+00   0.000000E+00   0.000000E+00   1.000000E+00 
  1.140000E+00  -1.329666E+00   2.500000E-01   0.000000E+00   8.135494E-01   5.814958E-01   0.000000E+00  -5.814958E-01   8.135494E-01   0.000000E+00   0.000000E+00   0.000000E+00   1.000000E+00 
  1.160000E+00  -1.337014E+00   2.500000E-01   0.000000E+00   8.302873E-01   5.573356E-01   0.000000E+00  -5.573356E-01   8.302873E-01   0.000000E+00   0.000000E+00   0.000000E+00   1.000000E+00 
  1.180000E+00  -1.350732E+00   2.500000E-01   0.000000E+00   8.596037E-01   5.109613E-01   0.000000E+00  -5.109613E-01   8.596037E-01   0.000000E+00   0.000000E+00   0.000000E+00   1.000000E+00 
  1.200000E+00  -1.365586E+00   2.500000E-01   0.000000E+00   8.884279E-01   4.590162E-01   0.000000E+00  -4.590162E-01   8.884279E-01   0.000000E+00   0.000000E+00   0.000000E+00   1.000000E+00 
  1.220000E+00  -1.381275E+00   2.500000E-01   0.000000E+00   9.154670E-01   4.023932E-01   0.000000E+00  -4.023932E-01   9.154670E-01   0.000000E+00   0.000000E+00   0.000000E+00   1.000000E+00 
  1.240000E+00  -1.397752E+00   2.500000E-01   0.000000E+00   9.399808E-01   3.412272E-01   0.000000E+00  -3.412272E-01   9.399808E-01   0.000000E+00   0.000000E+00   0.000000E+00   1.000000E+00 
  1.260000E+00  -1.414941E+00   2.500000E-01   0.000000E+00   9.612029E-01   2.758422E-01   0.000000E+00  -2.758422E-01   9.612029E-01   0.000000E+00   0.000000E+00   0.000000E+00   1.000000E+00 
  1.280000E+00  -1.432758E+00   2.500000E-01   0.000000E+00   9.784050E-01   2.066969E-01   0.000000E+00  -2.066969E-01   9.784050E-01   0.000000E+00   0.000000E+00   0.000000E+00   1.000000E+00 
  1.300000E+00  -1.450425E+00   2.500000E-01   0.000000E+00   9.905577E-01   1.370967E-01   0.000000E+00  -1.370967E-01   9.905577E-01   0.000000E+00   0.000000E+00   0.000000E+00   1.000000E+00 
  1.320000E+00  -1.455860E+00   2.500000E-01   0.000000E+00   9.933038E-01   1.155319E-01   0.000000E+00  -1.155319E-01   9.933038E-01   0.000000E+00   0.000000E+00   0.000000E+00   1.000000E+00 
  1.340000E+00  -1.452421E+00   2.500000E-01   0.000000E+00   9.916203E-01   1.291868E-01   0.000000E+00  -1.291868E-01   9.916203E-01   0.000000E+00   0.000000E+00   0.000000E+00   1.000000E+00 
  1.360000E+00  -1.444606E+00   2.500000E-01   0.000000E+00   9.870986E-01   1.601135E-01   0.000000E+00  -1.601135E-01   9.870986E-01   0.000000E+00   0.000000E+00   0.000000E+00   1.000000E+00 
  1.380000E+00  -1.433195E+00   2.500000E-01   0.000000E+00   9.787648E-01   2.049863E-01   0.000000E+00  -2.049863E-01   9.787648E-01   0.000000E+00   0.000000E+00   0.000000E+00   1.000000E+00 
  1.400000E+00  -1.418858E+00   2.500000E-01   0.000000E+00   9.654066E-01   2.607490E-01   0.000000E+00  -2.607490E-01   9.654066E-01   0.000000E+00   0.000000E+00   0.000000E+00   1.000000E+00 
  1.420000E+00  -1.402172E+00   2.500000E-01   0.000000E+00   9.458658E-01   3.245579E-01   0.000000E+00  -3.245579E-01   9.458658E-01   0.000000E+00   0.000000E+00   0.000000E+00   1.000000E+00 
  1.440000E+00  -1.383629E+00   2.500000E-01   0.000000E+00   9.192153E-01   3.937553E-01   0.000000E+00  -3.937553E-01   9.192153E-01   0.000000E+00   0.000000E+00   0.000000E+00   1.000000E+00 
  1.460000E+00  -1.363653E+00   2.500000E-01   0.000000E+00   8.848521E-01   4.658721E-01   0.000000E+00  -4.658721E-01   8.848521E-01   0.000000E+00   0.000000E+00   0.000000E+00   1.000000E+00 
  1.480000E+00  -1.342600E+00   2.500000E-01   0.000000E+00   8.425310E-01   5.386479E-01   0.000000E+00  -5.386479E-01   8.425310E-01   0.000000E+00   0.000000E+00   0.000000E+00   1.000000E+00 
  1.500000E+00  -1.320774E+00   2.500000E-01   0.000000E+00   7.923557E-01   6.100594E-01   0.000000E+00  -6.100594E-01   7.923557E-01   0.000000E+00   0.000000E+00   0.000000E+00   1.000000E+00 
  1.520000E+00  -1.298430E+00   2.500000E-01   0.000000E+00   7.347407E-01   6.783480E-01   0.000000E+00  -6.783480E-01   7.347407E-01   0.000000E+00   0.000000E+00   0.000000E+00   1.000000E+00 
  1.540000E+00  -1.275781E+00   2.500000E-01   0.000000E+00   6.703574E-01   7.420384E-01   0.000000E+00  -7.420384E-01   6.703574E-01   0.000000E+00   0.000000E+00   0.000000E+00   1.000000E+00 
  1.560000E+00  -1.253006E+00   2.500000E-01   0.000000E+00   6.000703E-01   7.999473E-01   0.000000E+00  -7.999473E-01   6.000703E-01   0.000000E+00   0.000000E+00   0.000000E+00   1.000000E+00 
  1.580000E+00  -1.230250E+00   2.500000E-01   0.000000E+00   5.248738E-01   8.511801E-01   0.000000E+00  -8.511801E-01   5.248738E-01   0.000000E+00   0.000000E+00   0.000000E+00   1.000000E+00 
  1.600000E+00  -1.207634E+00   2.500000E-01   0.000000E+00   4.458314E-01   8.951169E-01   0.000000E+00  -8.951169E-01   4.458314E-01   0.000000E+00   0.000000E+00   0.000000E+00   1.000000E+00 
  1.620000E+00  -1.185255E+00   2.500000E-01   0.000000E+00   3.640240E-01   9.313896E-01   0.000000E+00  -9.313896E-01   3.640240E-01   0.000000E+00   0.000000E+00   0.000000E+00   1.000000E+00 
  1.640000E+00  -1.163189E+00   2.500000E-01   0.000000E+00   2.805054E-01   9.598524E-01   0.000000E+00  -9.598524E-01   2.805054E-01   0.000000E+00   0.000000E+00   0.000000E+00   1.000000E+00 
  1.660000E+00  -1.141497E+00   2.500000E-01   0.000000E+00   1.962694E-01   9.805500E-01   0.000000E+00  -9.805500E-01   1.962694E-01   0.000000E+00   0.000000E+00   0.000000E+00   1.000000E+00 
  1.680000E+00  -1.120224E+00   2.500000E-01   0.000000E+00   1.122254E-01   9.936828E-01   0.000000E+00  -9.936828E-01   1.122254E-01   0.000000E+00   0.000000E+00   0.000000E+00   1.000000E+00 
  1.700000E+00  -1.099346E+00   2.500000E-01   0.000000E+00   2.894429E-02   9.995810E-01   0.000000E+00  -9.995810E-01   2.894429E-02   0.000000E+00   0.000000E+00   0.000000E+00   1.000000E+00 
  1.720000E+00  -1.078674E+00   2.500000E-01   0.000000E+00  -5.371291E-02   9.985564E-01   0.000000E+00  -9.985564E-01  -5.371291E-02   0.000000E+00   0.000000E+00   0.000000E+00   1.000000E+00 
  1.740000E+00  -1.058123E+00   2.500000E-01   0.000000E+00  -1.355239E-01   9.907741E-01   0.000000E+00  -9.907741E-01  -1.355239E-01   0.000000E+00   0.000000E+00   0.000000E+00   1.000000E+00 
  1.760000E+00  -1.037684E+00   2.500000E-01   0.000000E+00  -2.159844E-01   9.763968E-01   0.000000E+00  -9.763968E-01  -2.159844E-01   0.000000E+00   0.000000E+00   0.000000E+00   1.000000E+00 
  1.780000E+00  -1.017370E+00   2.500000E-01   0.000000E+00  -2.945227E-01   9.556445E-01   0.000000E+00  -9.556445E-01  -2.945227E-01   0.000000E+00   0.000000E+00   0.000000E+00   1.000000E+00 
  1.800000E+00  -9.972318E-01   2.500000E-01   0.000000E+00  -3.704631E-01   9.288472E-01   0.000000E+00  -9.288472E-01  -3.704631E-01   0.000000E+00   0.000000E+00   0.000000E+00   1.000000E+00 
  1.820000E+00  -9.773177E-01   2.500000E-01   0.000000E+00  -4.431986E-01   8.964235E-01   0.000000E+00  -8.964235E-01  -4.431986E-01   0.000000E+00   0.000000E+00   0.000000E+00   1.000000E+00 
  1.840000E+00  -9.576175E-01   2.500000E-01   0.000000E+00  -5.123891E-01   8.587534E-01   0.000000E+00  -8.587534E-01  -5.123891E-01   0.000000E+00   0.000000E+00   0.000000E+00   1.000000E+00 
  1.860000E+00  -9.380853E-01   2.500000E-01   0.000000E+00  -5.778513E-01   8.161421E-01   0.000000E+00  -8.161421E-01  -5.778513E-01   0.000000E+00   0.000000E+00   0.000000E+00   1.000000E+00 
  1.880000E+00  -9.186576E-01   2.500000E-01   0.000000E+00  -6.394665E-01   7.688190E-01   0.000000E+00  -7.688190E-01  -6.394665E-01   0.000000E+00   0.000000E+00   0.000000E+00   1.000000E+00 
  1.900000E+00  -8.992741E-01   2.500000E-01   0.000000E+00  -6.970954E-01   7.169784E-01   0.000000E+00  -7.169784E-01  -6.970954E-01   0.000000E+00   0.000000E+00   0.000000E+00   1.000000E+00 
  1.920000E+00  -8.798869E-01   2.500000E-01   0.000000E+00  -7.505453E-01   6.608190E-01   0.000000E+00  -6.608190E-01  -7.505453E-01   0.000000E+00   0.000000E+00   0.000000E+00   1.000000E+00 
  1.940000E+00  -8.604585E-01   2.500000E-01   0.000000E+00  -7.995830E-01   6.005556E-01   0.000000E+00  -6.005556E-01  -7.995830E-01   0.000000E+00   0.000000E+00   0.000000E+00   1.000000E+00 
  1.960000E+00  -8.409591E-01   2.500000E-01   0.000000E+00  -8.439465E-01   5.364274E-01   0.000000E+00  -5.364274E-01  -8.439465E-01   0.000000E+00   0.000000E+00   0.000000E+00   1.000000E+00 
  1.980000E+00  -8.213654E-01   2.500000E-01   0.000000E+00  -8.833553E-01   4.687040E-01   0.000000E+00  -4.687040E-01  -8.833553E-01   0.000000E+00   0.000000E+00   0.000000E+00   1.000000E+00 
  2.000000E+00  -8.016593E-01   2.500000E-01   0.000000E+00  -9.175194E-01   3.976909E-01   0.000000E+00  -3.976909E-01  -9.175194E-01   0.000000E+00   0.000000E+00   0.000000E+00   1.000000E+00 
  2.020000E+00  -7.818265E-01   2.500000E-01   0.000000E+00  -9.461500E-01   3.237285E-01   0.000000E+00  -3.237285E-01  -9.461500E-01   0.000000E+00   0.000000E+00   0.000000E+00   1.000000E+00 
  2.040000E+00  -7.618552E-01   2.500000E-01   0.000000E+00  -9.689663E-01   2.471930E-01   0.000000E+00  -2.471930E-01  -9.689663E-01   0.000000E+00   0.000000E+00   0.000000E+00   1.000000E+00 
  2.060000E+00  -7.417358E-01   2.500000E-01   0.000000E+00  -9.857022E-01   1.684970E-01   0.000000E+00  -1.684970E-01  -9.857022E-01   0.000000E+00   0.000000E+00   0.000000E+00   1.000000E+00 
  2.080000E+00  -7.214604E-01   2.500000E-01   0.000000E+00  -9.961126E-01   8.808900E-02   0.000000E+00  -8.808900E-02  -9.961126E-01   0.000000E+00   0.000000E+00   0.000000E+00   1.000000E+00 
  2.100000E+00  -7.010226E-01   2.500000E-01   0.000000E+00  -9.999792E-01   6.452058E-03   0.000000E+00  -6.452058E-03  -9.999792E-01   0.000000E+00   0.000000E+00   0.000000E+00   1.000000E+00 
  2.120000E+00  -6.804168E-01   2.500000E-01   0.000000E+00  -9.971156E-01  -7.589812E-02   0.000000E+00   7.589812E-02  -9.971156E-01   0.000000E+00   0.000000E+00   0.000000E+00   1.000000E+00 
  2.140000E+00  -6.596382E-01   2.500000E-01   0.000000E+00  -9.873725E-01  -1.584155E-01   0.000000E+00   1.584155E-01  -9.873725E-01   0.000000E+00   0.000000E+00   0.000000E+00   1.000000E+00 
  2.160000E+00  -6.386825E-01   2.500000E-01   0.000000E+00  -9.706426E-01  -2.405264E-01   0.000000E+00   2.405264E-01  -9.706426E-01   0.000000E+00   0.000000E+00   0.000000E+00   1.000000E+00 
  2.180000E+00  -6.175459E-01   2.500000E-01   0.000000E+00  -9.468641E-01  -3.216341E-01   0.000000E+00   3.216341E-01  -9.468641E-01   0.000000E+00   0.000000E+00   0.000000E+00   1.000000E+00 
  2.200000E+00  -5.962245E-01   2.500000E-01   0.000000E+00  -9.160251E-01  -4.011209E-01   0.000000E+00   4.011209E-01  -9.160251E-01   0.000000E+00   0.000000E+00   0.000000E+00   1.000000E+00 
  2.220000E+00  -5.747150E-01   2.500000E-01   0.000000E+00  -8.781676E-01  -4.783530E-01   0.000000E+00   4.783530E-01  -8.781676E-01   0.000000E+00   0.000000E+00   0.000000E+00   1.000000E+00 
  2.240000E+00  -5.530142E-01   2.500000E-01   0.000000E+00  -8.333908E-01  -5.526842E-01   0.000000E+00   5.526842E-01  -8.333908E-01   0.000000E+00   0.000000E+00   0.000000E+00   1.000000E+00 
  2.260000E+00  -5.311187E-01   2.500000E-01   0.000000E+00  -7.818531E-01  -6.234626E-01   0.000000E+00   6.234626E-01  -7.818531E-01   0.000000E+00   0.000000E+00   0.000000E+00   1.000000E+00 
  2.280000E+00  -5.090249E-01   2.500000E-01   0.000000E+00  -7.237751E-01  -6.900359E-01   0.000000E+00   6.900359E-01  -7.237751E-01   0.000000E+00   0.000000E+00   0.000000E+00   1.000000E+00 
  2.300000E+00  -4.867298E-01   2.500000E-01   0.000000E+00  -6.594427E-01  -7.517548E-01   0.000000E+00   7.517548E-01  -6.594427E-01   0.000000E+00   0.000000E+00   0.000000E+00   1.000000E+00 
  2.320000E+00  -4.642304E-01   2.500000E-01   0.000000E+00  -5.892090E-01  -8.079807E-01   0.000000E+00   8.079807E-01  -5.892090E-01   0.000000E+00   0.000000E+00   0.000000E+00   1.000000E+00 
  2.340000E+00  -4.415238E-01   2.500000E-01   0.000000E+00  -5.134955E-01  -8.580923E-01   0.000000E+00   8.580923E-01  -5.134955E-01   0.000000E+00   0.000000E+00   0.000000E+00   1.000000E+00 
  2.360000E+00  -4.186082E-01   2.500000E-01   0.000000E+00  -4.327951E-01  -9.014923E-01   0.000000E+00   9.014923E-01  -4.327951E-01   0.000000E+00   0.000000E+00   0.000000E+00   1.000000E+00 
  2.380000E+00  -3.954815E-01   2.500000E-01   0.000000E+00  -3.476693E-01  -9.376172E-01   0.000000E+00   9.376172E-01  -3.476693E-01   0.000000E+00   0.000000E+00   0.000000E+00   1.000000E+00 
  2.400000E+00  -3.721411E-01   2.500000E-01   0.000000E+00  -2.587445E-01  -9.659458E-01   0.000000E+00   9.659458E-01  -2.587445E-01   0.000000E+00   0.000000E+00   0.000000E+00   1.000000E+00 
  2.420000E+00  -3.485835E-01   2.500000E-01   0.000000E+00  -1.667102E-01  -9.860059E-01   0.000000E+00   9.860059E-01  -1.667102E-01   0.000000E+00   0.000000E+00   0.000000E+00   1.000000E+00 
  2.440000E+00  -3.248052E-01   2.500000E-01   0.000000E+00  -7.231566E-02  -9.973818E-01   0.000000E+00   9.973818E-01  -7.231566E-02   0.000000E+00   0.000000E+00   0.000000E+00   1.000000E+00 
  2.460000E+00  -3.008014E-01   2.500000E-01   0.000000E+00   2.363416E-02  -9.997207E-01   0.000000E+00   9.997207E-01   2.363416E-02   0.000000E+00   0.000000E+00   0.000000E+00   1.000000E+00 
  2.480000E+00  -2.765670E-01   2.500000E-01   0.000000E+00   1.202819E-01  -9.927398E-01   0.000000E+00   9.927398E-01   1.202819E-01   0.000000E+00   0.000000E+00   0.000000E+00   1.000000E+00 
  2.500000E+00  -2.520966E-01   2.500000E-01   0.000000E+00   2.167223E-01  -9.762333E-01   0.000000E+00   9.762333E-01   2.167223E-01   0.000000E+00   0.000000E+00   0.000000E+00   1.000000E+00 
  2.520000E+00  -2.273841E-01   2.500000E-01   0.000000E+00   3.120078E-01  -9.500795E-01   0.000000E+00   9.500795E-01   3.120078E-01   0.000000E+00   0.000000E+00   0.000000E+00   1.000000E+00 
  2.540000E+00  -2.024226E-01   2.500000E-01   0.000000E+00   4.051581E-01  -9.142466E-01   0.000000E+00   9.142466E-01   4.051581E-01   0.000000E+00   0.000000E+00   0.000000E+00   1.000000E+00 
  2.560000E+00  -1.772043E-01   2.500000E-01   0.000000E+00   4.951651E-01  -8.687989E-01   0.000000E+00   8.687989E-01   4.951651E-01   0.000000E+00   0.000000E+00   0.000000E+00   1.000000E+00 
  2.580000E+00  -1.517215E-01   2.500000E-01   0.000000E+00   5.809992E-01  -8.139041E-01   0.000000E+00   8.139041E-01   5.809992E-01   0.000000E+00   0.000000E+00   0.000000E+00   1.000000E+00 
  2.600000E+00  -1.259663E-01   2.500000E-01   0.000000E+00   6.616196E-01  -7.498396E-01   0.000000E+00   7.498396E-01   6.616196E-01   0.000000E+00   0.000000E+00   0.000000E+00   1.000000E+00 
  2.620000E+00  -1.000217E-01   2.500000E-01   0.000000E+00   7.357376E-01  -6.772667E-01   0.000000E+00   6.772667E-01   7.357376E-01   0.000000E+00   0.000000E+00   0.000000E+00   1.000000E+00 
  2.640000E+00  -7.439472E-02   2.500000E-01   0.000000E+00   8.011792E-01  -5.984245E-01   0.000000E+00   5.984245E-01   8.011792E-01   0.000000E+00   0.000000E+00   0.000000E+00   1.000000E+00 
  2.660000E+00  -4.952879E-02   2.500000E-01   0.000000E+00   8.566428E-01  -5.159099E-01   0.000000E+00   5.159099E-01   8.566428E-01   0.000000E+00   0.000000E+00   0.000000E+00   1.000000E+00 
  2.680000E+00  -2.568326E-02   2.500000E-01   0.000000E+00   9.018830E-01  -4.319803E-01   0.000000E+00   4.319803E-01   9.018830E-01   0.000000E+00   0.000000E+00   0.000000E+00   1.000000E+00 
  2.700000E+00  -3.014860E-03   2.500000E-01   0.000000E+00   9.372936E-01  -3.485407E-01   0.000000E+00   3.485407E-01   9.372936E-01   0.000000E+00   0.000000E+00   0.000000E+00   1.000000E+00 
  2.720000E+00   1.749128E-02   2.500000E-01   0.000000E+00   9.626992E-01  -2.705740E-01   0.000000E+00   2.705740E-01   9.626992E-01   0.000000E+00   0.000000E+00   0.000000E+00   1.000000E+00 
  2.740000E+00   3.406995E-02   2.500000E-01   0.000000E+00   9.785130E-01  -2.061850E-01   0.000000E+00   2.061850E-01   9.785130E-01   0.000000E+00   0.000000E+00   0.000000E+00   1.000000E+00 
  2.760000E+00   4.603402E-02   2.500000E-01   0.000000E+00   9.872562E-01  -1.591388E-01   0.000000E+00   1.591388E-01   9.872562E-01   0.000000E+00   0.000000E+00   0.000000E+00   1.000000E+00 
  2.780000E+00   5.345817E-02   2.500000E-01   0.000000E+00   9.915461E-01  -1.297548E-01   0.000000E+00   1.297548E-01   9.915461E-01   0.000000E+00   0.000000E+00   0.000000E+00   1.000000E+00 
  2.800000E+00   5.678639E-02   2.500000E-01   0.000000E+00   9.931856E-01  -1.165433E-01   0.000000E+00   1.165433E-01   9.931856E-01   0.000000E+00   0.000000E+00   0.000000E+00   1.000000E+00 
  2.820000E+00   5.648984E-02   2.500000E-01   0.000000E+00   9.930467E-01  -1.177214E-01   0.000000E+00   1.177214E-01   9.930467E-01   0.000000E+00   0.000000E+00   0.000000E+00   1.000000E+00 
  2.840000E+00   5.315960E-02   2.500000E-01   0.000000E+00   9.913904E-01  -1.309389E-01   0.000000E+00   1.309389E-01   9.913904E-01   0.000000E+00   0.000000E+00   0.000000E+00   1.000000E+00 
  2.860000E+00   4.748351E-02   2.500000E-01   0.000000E+00   9.881623E-01  -1.534121E-01   0.000000E+00   1.534121E-01   9.881623E-01   0.000000E+00   0.000000E+00   0.000000E+00   1.000000E+00 
  2.880000E+00   4.011589E-02   2.500000E-01   0.000000E+00   9.832128E-01  -1.824628E-01   0.000000E+00   1.824628E-01   9.832128E-01   0.000000E+00   0.000000E+00   0.000000E+00   1.000000E+00 
  2.900000E+00   3.161853E-02   2.500000E-01   0.000000E+00   9.764442E-01  -2.157699E-01   0.000000E+00   2.157699E-01   9.764442E-01   0.000000E+00   0.000000E+00   0.000000E+00   1.000000E+00 
  2.920000E+00   2.244484E-02   2.500000E-01   0.000000E+00   9.678711E-01  -2.514470E-01   0.000000E+00   2.514470E-01   9.678711E-01   0.000000E+00   0.000000E+00   0.000000E+00   1.000000E+00 
  2.940000E+00   1.294608E-02   2.500000E-01   0.000000E+00   9.576211E-01  -2.880309E-01   0.000000E+00   2.880309E-01   9.576211E-01   0.000000E+00   0.000000E+00   0.000000E+00   1.000000E+00 
  2.960000E+00   3.386625E-03   2.500000E-01   0.000000E+00   9.459101E-01  -3.244288E-01   0.000000E+00   3.244288E-01   9.459101E-01   0.000000E+00   0.000000E+00   0.000000E+00   1.000000E+00 
  2.980000E+00  -6.038882E-03   2.500000E-01   0.000000E+00   9.330092E-01  -3.598526E-01   0.000000E+00   3.598526E-01   9.330092E-01   0.000000E+00   0.000000E+00   0.000000E+00   1.000000E+00 
  3.000000E+00  -1.518965E-02   2.500000E-01   0.000000E+00   9.192155E-01  -3.937549E-01   0.000000E+00   3.937549E-01   9.192155E-01   0.000000E+00   0.000000E+00   0.000000E+00   1.000000E+00 
  3.020000E+00  -2.396550E-02   2.500000E-01   0.000000E+00   9.048299E-01  -4.257733E-01   0.000000E+00   4.257733E-01   9.048299E-01   0.000000E+00   0.000000E+00   0.000000E+00   1.000000E+00 
  3.040000E+00  -3.229644E-02   2.500000E-01   0.000000E+00   8.901418E-01  -4.556836E-01   0.000000E+00   4.556836E-01   8.901418E-01   0.000000E+00   0.000000E+00   0.000000E+00   1.000000E+00 
  3.060000E+00  -4.013460E-02   2.500000E-01   0.000000E+00   8.754198E-01  -4.833634E-01   0.000000E+00   4.833634E-01   8.754198E-01   0.000000E+00   0.000000E+00   0.000000E+00   1.000000E+00 
  3.080000E+00  -4.744829E-02   2.500000E-01   0.000000E+00   8.609065E-01  -5.087631E-01   0.000000E+00   5.087631E-01   8.609065E-01   0.000000E+00   0.000000E+00   0.000000E+00   1.000000E+00 
  3.100000E+00  -5.421757E-02   2.500000E-01   0.000000E+00   8.468168E-01  -5.318847E-01   0.000000E+00   5.318847E-01   8.468168E-01   0.000000E+00   0.000000E+00   0.000000E+00   1.000000E+00 
  3.120000E+00  -6.043102E-02   2.500000E-01   0.000000E+00   8.333373E-01  -5.527649E-01   0.000000E+00   5.527649E-01   8.333373E-01   0.000000E+00   0.000000E+00   0.000000E+00   1.000000E+00 
  3.140000E+00  -6.608338E-02   2.500000E-01   0.000000E+00   8.206276E-01  -5.714633E-01   0.000000E+00   5.714633E-01   8.206276E-01   0.000000E+00   0.000000E+00   0.000000E+00   1.000000E+00 
  3.160000E+00  -7.117387E-02   2.500000E-01   0.000000E+00   8.088222E-01  -5.880532E-01   0.000000E+00   5.880532E-01   8.088222E-01   0.000000E+00   0.000000E+00   0.000000E+00   1.000000E+00 
  3.180000E+00  -7.570490E-02   2.500000E-01   0.000000E+00   7.980320E-01  -6.026151E-01   0.000000E+00   6.026151E-01   7.980320E-01   0.000000E+00   0.000000E+00   0.000000E+00   1.000000E+00 
  3.200000E+00  -7.968119E-02   2.500000E-01   0.000000E+00   7.883468E-01  -6.152311E-01   0.000000E+00   6.152311E-01   7.883468E-01   0.000000E+00   0.000000E+00   0.000000E+00   1.000000E+00 
  3.220000E+00  -8.310909E-02   2.500000E-01   0.000000E+00   7.798372E-01  -6.259824E-01   0.000000E+00   6.259824E-01   7.798372E-01   0.000000E+00   0.000000E+00   0.000000E+00   1.000000E+00 
  3.240000E+00  -8.599604E-02   2.500000E-01   0.000000E+00   7.725566E-01  -6.349459E-01   0.000000E+00   6.349459E-01   7.725566E-01   0.000000E+00   0.000000E+00   0.000000E+00   1.000000E+00 
  3.260000E+00  -8.835026E-02   2.500000E-01   0.000000E+00   7.665432E-01  -6.421927E-01   0.000000E+00   6.421927E-01   7.665432E-01   0.000000E+00   0.000000E+00   0.000000E+00   1.000000E+00 
  3.280000E+00  -9.018041E-02   2.500000E-01   0.000000E+00   7.618215E-01  -6.477870E-01   0.000000E+00   6.477870E-01   7.618215E-01   0.000000E+00   0.000000E+00   0.000000E+00   1.000000E+00 
  3.300000E+00  -9.149542E-02   2.500000E-01   0.000000E+00   7.584036E-01  -6.517852E-01   0.000000E+00   6.517852E-01   7.584036E-01   0.000000E+00   0.000000E+00   0.000000E+00   1.000000E+00 
  3.320000E+00  -9.230425E-02   2.500000E-01   0.000000E+00   7.562909E-01  -6.542355E-01   0.000000E+00   6.542355E-01   7.562909E-01   0.000000E+00   0.000000E+00   0.000000E+00   1.000000E+00 
  3.340000E+00  -9.261584E-02   2.500000E-01   0.000000E+00   7.554749E-01  -6.551776E-01   0.000000E+00   6.551776E-01   7.554749E-01   0.000000E+00   0.000000E+00   0.000000E+00   1.000000E+00 
  3.360000E+00  -9.243895E-02   2.500000E-01   0.000000E+00   7.559383E-01  -6.546429E-01   0.000000E+00   6.546429E-01   7.559383E-01   0.000000E+00   0.000000E+00   0.000000E+00   1.000000E+00 
  3.380000E+00  -9.178211E-02   2.500000E-01   0.000000E+00   7.576556E-01  -6.526545E-01   0.000000E+00   6.526545E-01   7.576556E-01   0.000000E+00   0.000000E+00   0.000000E+00   1.000000E+00 
  3.400000E+00  -9.061594E-02   2.500000E-01   0.000000E+00   7.606918E-01  -6.491132E-01   0.000000E+00   6.491132E-01   7.606918E-01   0.000000E+00   0.000000E+00   0.000000E+00   1.000000E+00 
  3.420000E+00  -8.858293E-02   2.500000E-01   0.000000E+00   7.659452E-01  -6.429058E-01   0.000000E+00   6.429058E-01   7.659452E-01   0.000000E+00   0.000000E+00   0.000000E+00   1.000000E+00 
  3.440000E+00  -8.541084E-02   2.500000E-01   0.000000E+00   7.740408E-01  -6.331358E-01   0.000000E+00   6.331358E-01   7.740408E-01   0.000000E+00   0.000000E+00   0.000000E+00   1.000000E+00 
  3.460000E+00  -8.105437E-02   2.500000E-01   0.000000E+00   7.849556E-01  -6.195520E-01   0.000000E+00   6.195520E-01   7.849556E-01   0.000000E+00   0.000000E+00   0.000000E+00   1.000000E+00 
  3.480000E+00  -7.554292E-02   2.500000E-01   0.000000E+00   7.984223E-01  -6.020979E-01   0.000000E+00   6.020979E-01   7.984223E-01   0.000000E+00   0.000000E+00   0.000000E+00   1.000000E+00 
  3.500000E+00  -6.891883E-02   2.500000E-01   0.000000E+00   8.140936E-01  -5.807337E-01   0.000000E+00   5.807337E-01   8.140936E-01   0.000000E+00   0.000000E+00   0.000000E+00   1.000000E+00 
  3.520000E+00  -6.121890E-02   2.500000E-01   0.000000E+00   8.315911E-01  -5.553884E-01   0.000000E+00   5.553884E-01   8.315911E-01   0.000000E+00   0.000000E+00   0.000000E+00   1.000000E+00 
  3.540000E+00  -5.247244E-02   2.500000E-01   0.000000E+00   8.505090E-01  -5.259606E-01   0.000000E+00   5.259606E-01   8.505090E-01   0.000000E+00   0.000000E+00   0.000000E+00   1.000000E+00 
  3.560000E+00  -4.270390E-02   2.500000E-01   0.000000E+00   8.704060E-01  -4.923346E-01   0.000000E+00   4.923346E-01   8.704060E-01   0.000000E+00   0.000000E+00   0.000000E+00   1.000000E+00 
  3.580000E+00  -3.193584E-02   2.500000E-01   0.000000E+00   8.907981E-01  -4.543992E-01   0.000000E+00   4.543992E-01   8.907981E-01   0.000000E+00   0.000000E+00   0.000000E+00   1.000000E+00 
  3.600000E+00  -2.019106E-02   2.500000E-01   0.000000E+00   9.111547E-01  -4.120644E-01   0.000000E+00   4.120644E-01   9.111547E-01   0.000000E+00   0.000000E+00   0.000000E+00   1.000000E+00 
  3.620000E+00  -7.493795E-03   2.500000E-01   0.000000E+00   9.308992E-01  -3.652762E-01   0.000000E+00   3.652762E-01   9.308992E-01   0.000000E+00   0.000000E+00   0.000000E+00   1.000000E+00 
  3.640000E+00   6.129829E-03   2.500000E-01   0.000000E+00   9.494130E-01  -3.140302E-01   0.000000E+00   3.140302E-01   9.494130E-01   0.000000E+00   0.000000E+00   0.000000E+00   1.000000E+00 
  3.660000E+00   2.065168E-02   2.500000E-01   0.000000E+00   9.660426E-01  -2.583827E-01   0.000000E+00   2.583827E-01   9.660426E-01   0.000000E+00   0.000000E+00   0.000000E+00   1.000000E+00 
  3.680000E+00   3.604180E-02   2.500000E-01   0.000000E+00   9.801088E-01  -1.984607E-01   0.000000E+00   1.984607E-01   9.801088E-01   0.000000E+00   0.000000E+00   0.000000E+00   1.000000E+00 
  3.700000E+00   5.226876E-02   2.500000E-01   0.000000E+00   9.909176E-01  -1.344707E-01   0.000000E+00   1.344707E-01   9.909176E-01   0.000000E+00   0.000000E+00   0.000000E+00   1.000000E+00 
  3.720000E+00   6.929991E-02   2.500000E-01   0.000000E+00   9.977727E-01  -6.670514E-02   0.000000E+00   6.670514E-02   9.977727E-01   0.000000E+00   0.000000E+00   0.000000E+00   1.000000E+00 
  3.740000E+00   8.710182E-02   2.500000E-01   0.000000E+00   9.999901E-01   4.452923E-03   0.000000E+00  -4.452923E-03   9.999901E-01   0.000000E+00   0.000000E+00   0.000000E+00   1.000000E+00 
  3.760000E+00   1.056406E-01   2.500000E-01   0.000000E+00   9.969120E-01   7.852700E-02   0.000000E+00  -7.852700E-02   9.969120E-01   0.000000E+00   0.000000E+00   0.000000E+00   1.000000E+00 
  3.780000E+00   1.248821E-01   2.500000E-01   0.000000E+00   9.879228E-01   1.549471E-01   0.000000E+00  -1.549471E-01   9.879228E-01   0.000000E+00   0.000000E+00   0.000000E+00   1.000000E+00 
  3.800000E+00   1.447923E-01   2.500000E-01   0.000000E+00   9.724643E-01   2.330520E-01   0.000000E+00  -2.330520E-01   9.724643E-01   0.000000E+00   0.000000E+00   0.000000E+00   1.000000E+00 
  3.820000E+00   1.653377E-01   2.500000E-01   0.000000E+00   9.500512E-01   3.120941E-01   0.000000E+00  -3.120941E-01   9.500512E-01   0.000000E+00   0.000000E+00   0.000000E+00   1.000000E+00 
  3.840000E+00   1.864851E-01   2.500000E-01   0.000000E+00   9.202858E-01   3.912468E-01   0.000000E+00  -3.912468E-01   9.202858E-01   0.000000E+00   0.000000E+00   0.000000E+00   1.000000E+00 
  3.860000E+00   2.081842E-01   2.500000E-01   0.000000E+00   8.829053E-01   4.695511E-01   0.000000E+00  -4.695511E-01   8.829053E-01   0.000000E+00   0.000000E+00   0.000000E+00   1.000000E+00 
  3.880000E+00   2.302545E-01   2.500000E-01   0.000000E+00   8.380681E-01   5.455656E-01   0.000000E+00  -5.455656E-01   8.380681E-01   0.000000E+00   0.000000E+00   0.000000E+00   1.000000E+00 
  3.900000E+00   2.524119E-01   2.500000E-01   0.000000E+00   7.864888E-01   6.176045E-01   0.000000E+00  -6.176045E-01   7.864888E-01   0.000000E+00   0.000000E+00   0.000000E+00   1.000000E+00 
  3.920000E+00   2.743860E-01   2.500000E-01   0.000000E+00   7.292373E-01   6.842609E-01   0.000000E+00  -6.842609E-01   7.292373E-01   0.000000E+00   0.000000E+00   0.000000E+00   1.000000E+00 
  3.940000E+00   2.960451E-01   2.500000E-01   0.000000E+00   6.672946E-01   7.447939E-01   0.000000E+00  -7.447939E-01   6.672946E-01   0.000000E+00   0.000000E+00   0.000000E+00   1.000000E+00 
  3.960000E+00   3.174006E-01   2.500000E-01   0.000000E+00   6.013168E-01   7.990107E-01   0.000000E+00  -7.990107E-01   6.013168E-01   0.000000E+00   0.000000E+00   0.000000E+00   1.000000E+00 
  3.980000E+00   3.385269E-01   2.500000E-01   0.000000E+00   5.317311E-01   8.469132E-01   0.000000E+00  -8.469132E-01   5.317311E-01   0.000000E+00   0.000000E+00   0.000000E+00   1.000000E+00 
  4.000000E+00   3.595169E-01   2.500000E-01   0.000000E+00   4.588344E-01   8.885218E-01   0.000000E+00  -8.885218E-01   4.588344E-01   0.000000E+00   0.000000E+00   0.000000E+00   1.000000E+00 
  4.020000E+00   3.804227E-01   2.500000E-01   0.000000E+00   3.830169E-01   9.237413E-01   0.000000E+00  -9.237413E-01   3.830169E-01   0.000000E+00   0.000000E+00   0.000000E+00   1.000000E+00 
