% FILE: MIPSI.4
%
%       t         P_No_Co[1]     P_No_Co[2]     P_No_Co[3]      N_C[1,1]       N_C[1,2]       N_C[1,3]       N_C[2,1]       N_C[2,2]       N_C[2,3]       N_C[3,1]       N_C[3,2]       N_C[3,3]
%   (second)        (meter)        (meter)        (meter)       (NoUnits)      (NoUnits)      (NoUnits)      (NoUnits)      (NoUnits)      (NoUnits)      (NoUnits)      (NoUnits)      (NoUnits)

  0.000000E+00   5.000000E-01   4.236482E-01   0.000000E+00   9.848078E-01   1.736482E-01   0.000000E+00  -1.736482E-01   9.848078E-01   0.000000E+00   0.000000E+00   0.000000E+00   1.000000E+00 
  2.000000E-02   5.018408E-01   4.591237E-01   0.000000E+00   9.778892E-01   2.091237E-01   0.000000E+00  -2.091237E-01   9.778892E-01   0.000000E+00   0.000000E+00   0.000000E+00   1.000000E+00 
  4.000000E-02   5.069364E-01   5.338512E-01   0.000000E+00   9.588683E-01   2.838512E-01   0.000000E+00  -2.838512E-01   9.588683E-01   0.000000E+00   0.000000E+00   0.000000E+00   1.000000E+00 
  6.000000E-02   5.147127E-01   6.180936E-01   0.000000E+00   9.297888E-01   3.680936E-01   0.000000E+00  -3.680936E-01   9.297888E-01   0.000000E+00   0.000000E+00   0.000000E+00   1.000000E+00 
  8.000000E-02   5.246755E-01   6.974551E-01   0.000000E+00   8.943064E-01   4.474551E-01   0.000000E+00  -4.474551E-01   8.943064E-01   0.000000E+00   0.000000E+00   0.000000E+00   1.000000E+00 
  1.000000E-01   5.364005E-01   7.659978E-01   0.000000E+00   8.565899E-01   5.159978E-01   0.000000E+00  -5.159978E-01   8.565899E-01   0.000000E+00   0.000000E+00   0.000000E+00   1.000000E+00 
  1.200000E-01   5.495242E-01   8.222294E-01   0.000000E+00   8.200936E-01   5.722294E-01   0.000000E+00  -5.722294E-01   8.200936E-01   0.000000E+00   0.000000E+00   0.000000E+00   1.000000E+00 
  1.400000E-01   5.637363E-01   8.668176E-01   0.000000E+00   7.871061E-01   6.168176E-01   0.000000E+00  -6.168176E-01   7.871061E-01   0.000000E+00   0.000000E+00   0.000000E+00   1.000000E+00 
  1.600000E-01   5.787731E-01   9.013278E-01   0.000000E+00   7.587964E-01   6.513278E-01   0.000000E+00  -6.513278E-01   7.587964E-01   0.000000E+00   0.000000E+00   0.000000E+00   1.000000E+00 
  1.800000E-01   5.944110E-01   9.275588E-01   0.000000E+00   7.354686E-01   6.775588E-01   0.000000E+00  -6.775588E-01   7.354686E-01   0.000000E+00   0.000000E+00   0.000000E+00   1.000000E+00 
  2.000000E-01   6.104616E-01   9.472187E-01   0.000000E+00   7.168584E-01   6.972187E-01   0.000000E+00  -6.972187E-01   7.168584E-01   0.000000E+00   0.000000E+00   0.000000E+00   1.000000E+00 
  2.200000E-01   6.267669E-01   9.617892E-01   0.000000E+00   7.023931E-01   7.117892E-01   0.000000E+00  -7.117892E-01   7.023931E-01   0.000000E+00   0.000000E+00   0.000000E+00   1.000000E+00 
  2.400000E-01   6.431953E-01   9.724893E-01   0.000000E+00   6.913821E-01   7.224893E-01   0.000000E+00  -7.224893E-01   6.913821E-01   0.000000E+00   0.000000E+00   0.000000E+00   1.000000E+00 
  2.600000E-01   6.596377E-01   9.802872E-01   0.000000E+00   6.831402E-01   7.302872E-01   0.000000E+00  -7.302872E-01   6.831402E-01   0.000000E+00   0.000000E+00   0.000000E+00   1.000000E+00 
  2.800000E-01   6.760050E-01   9.859336E-01   0.000000E+00   6.770537E-01   7.359336E-01   0.000000E+00  -7.359336E-01   6.770537E-01   0.000000E+00   0.000000E+00   0.000000E+00   1.000000E+00 
  3.000000E-01   6.922247E-01   9.899996E-01   0.000000E+00   6.726073E-01   7.399996E-01   0.000000E+00  -7.399996E-01   6.726073E-01   0.000000E+00   0.000000E+00   0.000000E+00   1.000000E+00 
  3.200000E-01   7.082389E-01   9.929135E-01   0.000000E+00   6.693875E-01   7.429135E-01   0.000000E+00  -7.429135E-01   6.693875E-01   0.000000E+00   0.000000E+00   0.000000E+00   1.000000E+00 
  3.400000E-01   7.240018E-01   9.949930E-01   0.000000E+00   6.670723E-01   7.449930E-01   0.000000E+00  -7.449930E-01   6.670723E-01   0.000000E+00   0.000000E+00   0.000000E+00   1.000000E+00 
  3.600000E-01   7.394785E-01   9.964716E-01   0.000000E+00   6.654173E-01   7.464716E-01   0.000000E+00  -7.464716E-01   6.654173E-01   0.000000E+00   0.000000E+00   0.000000E+00   1.000000E+00 
  3.800000E-01   7.482094E-01   9.975194E-01   0.000000E+00   6.642399E-01   7.475194E-01   0.000000E+00  -7.475194E-01   6.642399E-01   0.000000E+00   0.000000E+00   0.000000E+00   1.000000E+00 
  4.000000E-01   7.414522E-01   9.982599E-01   0.000000E+00   6.634057E-01   7.482599E-01   0.000000E+00  -7.482599E-01   6.634057E-01   0.000000E+00   0.000000E+00   0.000000E+00   1.000000E+00 
  4.200000E-01   7.324089E-01   9.987817E-01   0.000000E+00   6.628167E-01   7.487817E-01   0.000000E+00  -7.487817E-01   6.628167E-01   0.000000E+00   0.000000E+00   0.000000E+00   1.000000E+00 
  4.400000E-01   7.219915E-01   9.991486E-01   0.000000E+00   6.624019E-01   7.491486E-01   0.000000E+00  -7.491486E-01   6.624019E-01   0.000000E+00   0.000000E+00   0.000000E+00   1.000000E+00 
  4.600000E-01   7.103624E-01   9.994060E-01   0.000000E+00   6.621107E-01   7.494060E-01   0.000000E+00  -7.494060E-01   6.621107E-01   0.000000E+00   0.000000E+00   0.000000E+00   1.000000E+00 
  4.800000E-01   6.976655E-01   9.995862E-01   0.000000E+00   6.619067E-01   7.495862E-01   0.000000E+00  -7.495862E-01   6.619067E-01   0.000000E+00   0.000000E+00   0.000000E+00   1.000000E+00 
  5.000000E-01   6.840281E-01   9.997122E-01   0.000000E+00   6.617641E-01   7.497122E-01   0.000000E+00  -7.497122E-01   6.617641E-01   0.000000E+00   0.000000E+00   0.000000E+00   1.000000E+00 
  5.200000E-01   6.699156E-01   9.994728E-01   0.000000E+00   6.620352E-01   7.494728E-01   0.000000E+00  -7.494728E-01   6.620352E-01   0.000000E+00   0.000000E+00   0.000000E+00   1.000000E+00 
  5.400000E-01   6.614869E-01   9.933588E-01   0.000000E+00   6.688929E-01   7.433588E-01   0.000000E+00  -7.433588E-01   6.688929E-01   0.000000E+00   0.000000E+00   0.000000E+00   1.000000E+00 
  5.600000E-01   6.568208E-01   9.802783E-01   0.000000E+00   6.831498E-01   7.302783E-01   0.000000E+00  -7.302783E-01   6.831498E-01   0.000000E+00   0.000000E+00   0.000000E+00   1.000000E+00 
  5.800000E-01   6.536578E-01   9.632219E-01   0.000000E+00   7.009384E-01   7.132219E-01   0.000000E+00  -7.132219E-01   7.009384E-01   0.000000E+00   0.000000E+00   0.000000E+00   1.000000E+00 
  6.000000E-01   6.517157E-01   9.440877E-01   0.000000E+00   7.198904E-01   6.940877E-01   0.000000E+00  -6.940877E-01   7.198904E-01   0.000000E+00   0.000000E+00   0.000000E+00   1.000000E+00 
  6.200000E-01   6.507526E-01   9.239547E-01   0.000000E+00   7.387727E-01   6.739547E-01   0.000000E+00  -6.739547E-01   7.387727E-01   0.000000E+00   0.000000E+00   0.000000E+00   1.000000E+00 
  6.400000E-01   6.505612E-01   9.034160E-01   0.000000E+00   7.569991E-01   6.534160E-01   0.000000E+00  -6.534160E-01   7.569991E-01   0.000000E+00   0.000000E+00   0.000000E+00   1.000000E+00 
  6.600000E-01   6.509653E-01   8.827823E-01   0.000000E+00   7.743298E-01   6.327823E-01   0.000000E+00  -6.327823E-01   7.743298E-01   0.000000E+00   0.000000E+00   0.000000E+00   1.000000E+00 
  6.800000E-01   6.518149E-01   8.622035E-01   0.000000E+00   7.907002E-01   6.122035E-01   0.000000E+00  -6.122035E-01   7.907002E-01   0.000000E+00   0.000000E+00   0.000000E+00   1.000000E+00 
  7.000000E-01   6.529832E-01   8.417411E-01   0.000000E+00   8.061281E-01   5.917411E-01   0.000000E+00  -5.917411E-01   8.061281E-01   0.000000E+00   0.000000E+00   0.000000E+00   1.000000E+00 
  7.200000E-01   6.543635E-01   8.214099E-01   0.000000E+00   8.206648E-01   5.714099E-01   0.000000E+00  -5.714099E-01   8.206648E-01   0.000000E+00   0.000000E+00   0.000000E+00   1.000000E+00 
  7.400000E-01   6.558667E-01   8.012024E-01   0.000000E+00   8.343715E-01   5.512024E-01   0.000000E+00  -5.512024E-01   8.343715E-01   0.000000E+00   0.000000E+00   0.000000E+00   1.000000E+00 
  7.600000E-01   6.574185E-01   7.811018E-01   0.000000E+00   8.473080E-01   5.311018E-01   0.000000E+00  -5.311018E-01   8.473080E-01   0.000000E+00   0.000000E+00   0.000000E+00   1.000000E+00 
  7.800000E-01   6.589577E-01   7.610890E-01   0.000000E+00   8.595278E-01   5.110890E-01   0.000000E+00  -5.110890E-01   8.595278E-01   0.000000E+00   0.000000E+00   0.000000E+00   1.000000E+00 
  8.000000E-01   6.604344E-01   7.411456E-01   0.000000E+00   8.710775E-01   4.911456E-01   0.000000E+00  -4.911456E-01   8.710775E-01   0.000000E+00   0.000000E+00   0.000000E+00   1.000000E+00 
  8.200000E-01   6.618083E-01   7.212561E-01   0.000000E+00   8.819964E-01   4.712561E-01   0.000000E+00  -4.712561E-01   8.819964E-01   0.000000E+00   0.000000E+00   0.000000E+00   1.000000E+00 
  8.400000E-01   6.630471E-01   7.014075E-01   0.000000E+00   8.923179E-01   4.514075E-01   0.000000E+00  -4.514075E-01   8.923179E-01   0.000000E+00   0.000000E+00   0.000000E+00   1.000000E+00 
  8.600000E-01   6.641260E-01   6.815895E-01   0.000000E+00   9.020701E-01   4.315895E-01   0.000000E+00  -4.315895E-01   9.020701E-01   0.000000E+00   0.000000E+00   0.000000E+00   1.000000E+00 
  8.800000E-01   6.650257E-01   6.617943E-01   0.000000E+00   9.112768E-01   4.117943E-01   0.000000E+00  -4.117943E-01   9.112768E-01   0.000000E+00   0.000000E+00   0.000000E+00   1.000000E+00 
  9.000000E-01   6.657324E-01   6.420158E-01   0.000000E+00   9.199585E-01   3.920158E-01   0.000000E+00  -3.920158E-01   9.199585E-01   0.000000E+00   0.000000E+00   0.000000E+00   1.000000E+00 
  9.200000E-01   6.662362E-01   6.222494E-01   0.000000E+00   9.281327E-01   3.722494E-01   0.000000E+00  -3.722494E-01   9.281327E-01   0.000000E+00   0.000000E+00   0.000000E+00   1.000000E+00 
  9.400000E-01   6.665311E-01   6.024918E-01   0.000000E+00   9.358149E-01   3.524918E-01   0.000000E+00  -3.524918E-01   9.358149E-01   0.000000E+00   0.000000E+00   0.000000E+00   1.000000E+00 
  9.600000E-01   6.666140E-01   5.827406E-01   0.000000E+00   9.430184E-01   3.327406E-01   0.000000E+00  -3.327406E-01   9.430184E-01   0.000000E+00   0.000000E+00   0.000000E+00   1.000000E+00 
  9.800000E-01   6.664843E-01   5.629940E-01   0.000000E+00   9.497551E-01   3.129940E-01   0.000000E+00  -3.129940E-01   9.497551E-01   0.000000E+00   0.000000E+00   0.000000E+00   1.000000E+00 
  1.000000E+00   6.661433E-01   5.432506E-01   0.000000E+00   9.560356E-01   2.932506E-01   0.000000E+00  -2.932506E-01   9.560356E-01   0.000000E+00   0.000000E+00   0.000000E+00   1.000000E+00 
  1.020000E+00   6.655942E-01   5.235094E-01   0.000000E+00   9.618693E-01   2.735094E-01   0.000000E+00  -2.735094E-01   9.618693E-01   0.000000E+00   0.000000E+00   0.000000E+00   1.000000E+00 
  1.040000E+00   6.648412E-01   5.037700E-01   0.000000E+00   9.672646E-01   2.537700E-01   0.000000E+00  -2.537700E-01   9.672646E-01   0.000000E+00   0.000000E+00   0.000000E+00   1.000000E+00 
  1.060000E+00   6.638900E-01   4.840316E-01   0.000000E+00   9.722290E-01   2.340316E-01   0.000000E+00  -2.340316E-01   9.722290E-01   0.000000E+00   0.000000E+00   0.000000E+00   1.000000E+00 
  1.080000E+00   6.627467E-01   4.642941E-01   0.000000E+00   9.767692E-01   2.142941E-01   0.000000E+00  -2.142941E-01   9.767692E-01   0.000000E+00   0.000000E+00   0.000000E+00   1.000000E+00 
  1.100000E+00   6.614182E-01   4.445572E-01   0.000000E+00   9.808912E-01   1.945572E-01   0.000000E+00  -1.945572E-01   9.808912E-01   0.000000E+00   0.000000E+00   0.000000E+00   1.000000E+00 
  1.120000E+00   6.599117E-01   4.248207E-01   0.000000E+00   9.846003E-01   1.748207E-01   0.000000E+00  -1.748207E-01   9.846003E-01   0.000000E+00   0.000000E+00   0.000000E+00   1.000000E+00 
  1.140000E+00   6.582350E-01   4.050844E-01   0.000000E+00   9.879012E-01   1.550844E-01   0.000000E+00  -1.550844E-01   9.879012E-01   0.000000E+00   0.000000E+00   0.000000E+00   1.000000E+00 
  1.160000E+00   6.530297E-01   3.907572E-01   0.000000E+00   9.900441E-01   1.407572E-01   0.000000E+00  -1.407572E-01   9.900441E-01   0.000000E+00   0.000000E+00   0.000000E+00   1.000000E+00 
  1.180000E+00   6.395956E-01   3.887484E-01   0.000000E+00   9.903277E-01   1.387484E-01   0.000000E+00  -1.387484E-01   9.903277E-01   0.000000E+00   0.000000E+00   0.000000E+00   1.000000E+00 
  1.200000E+00   6.246716E-01   3.892483E-01   0.000000E+00   9.902575E-01   1.392483E-01   0.000000E+00  -1.392483E-01   9.902575E-01   0.000000E+00   0.000000E+00   0.000000E+00   1.000000E+00 
  1.220000E+00   6.087852E-01   3.906415E-01   0.000000E+00   9.900606E-01   1.406415E-01   0.000000E+00  -1.406415E-01   9.900606E-01   0.000000E+00   0.000000E+00   0.000000E+00   1.000000E+00 
  1.240000E+00   5.920736E-01   3.922847E-01   0.000000E+00   9.898258E-01   1.422847E-01   0.000000E+00  -1.422847E-01   9.898258E-01   0.000000E+00   0.000000E+00   0.000000E+00   1.000000E+00 
  1.260000E+00   5.746565E-01   3.938616E-01   0.000000E+00   9.895978E-01   1.438616E-01   0.000000E+00  -1.438616E-01   9.895978E-01   0.000000E+00   0.000000E+00   0.000000E+00   1.000000E+00 
  1.280000E+00   5.566385E-01   3.952373E-01   0.000000E+00   9.893969E-01   1.452373E-01   0.000000E+00  -1.452373E-01   9.893969E-01   0.000000E+00   0.000000E+00   0.000000E+00   1.000000E+00 
  1.300000E+00   5.388042E-01   3.963731E-01   0.000000E+00   9.892295E-01   1.463731E-01   0.000000E+00  -1.463731E-01   9.892295E-01   0.000000E+00   0.000000E+00   0.000000E+00   1.000000E+00 
  1.320000E+00   5.332336E-01   3.972872E-01   0.000000E+00   9.890938E-01   1.472872E-01   0.000000E+00  -1.472872E-01   9.890938E-01   0.000000E+00   0.000000E+00   0.000000E+00   1.000000E+00 
  1.340000E+00   5.365556E-01   3.980749E-01   0.000000E+00   9.889762E-01   1.480749E-01   0.000000E+00  -1.480749E-01   9.889762E-01   0.000000E+00   0.000000E+00   0.000000E+00   1.000000E+00 
  1.360000E+00   5.442604E-01   3.988039E-01   0.000000E+00   9.888667E-01   1.488039E-01   0.000000E+00  -1.488039E-01   9.888667E-01   0.000000E+00   0.000000E+00   0.000000E+00   1.000000E+00 
  1.380000E+00   5.555652E-01   3.995078E-01   0.000000E+00   9.887606E-01   1.495078E-01   0.000000E+00  -1.495078E-01   9.887606E-01   0.000000E+00   0.000000E+00   0.000000E+00   1.000000E+00 
  1.400000E+00   5.697967E-01   4.002042E-01   0.000000E+00   9.886550E-01   1.502042E-01   0.000000E+00  -1.502042E-01   9.886550E-01   0.000000E+00   0.000000E+00   0.000000E+00   1.000000E+00 
  1.420000E+00   5.863770E-01   4.009021E-01   0.000000E+00   9.885487E-01   1.509021E-01   0.000000E+00  -1.509021E-01   9.885487E-01   0.000000E+00   0.000000E+00   0.000000E+00   1.000000E+00 
  1.440000E+00   6.048118E-01   4.016051E-01   0.000000E+00   9.884411E-01   1.516051E-01   0.000000E+00  -1.516051E-01   9.884411E-01   0.000000E+00   0.000000E+00   0.000000E+00   1.000000E+00 
  1.460000E+00   6.246793E-01   4.023144E-01   0.000000E+00   9.883321E-01   1.523144E-01   0.000000E+00  -1.523144E-01   9.883321E-01   0.000000E+00   0.000000E+00   0.000000E+00   1.000000E+00 
  1.480000E+00   6.456217E-01   4.030299E-01   0.000000E+00   9.882216E-01   1.530299E-01   0.000000E+00  -1.530299E-01   9.882216E-01   0.000000E+00   0.000000E+00   0.000000E+00   1.000000E+00 
  1.500000E+00   6.673358E-01   4.037508E-01   0.000000E+00   9.881097E-01   1.537508E-01   0.000000E+00  -1.537508E-01   9.881097E-01   0.000000E+00   0.000000E+00   0.000000E+00   1.000000E+00 
  1.520000E+00   6.895667E-01   4.044762E-01   0.000000E+00   9.879965E-01   1.544762E-01   0.000000E+00  -1.544762E-01   9.879965E-01   0.000000E+00   0.000000E+00   0.000000E+00   1.000000E+00 
  1.540000E+00   7.121010E-01   4.052052E-01   0.000000E+00   9.878823E-01   1.552052E-01   0.000000E+00  -1.552052E-01   9.878823E-01   0.000000E+00   0.000000E+00   0.000000E+00   1.000000E+00 
  1.560000E+00   7.347611E-01   4.059369E-01   0.000000E+00   9.877670E-01   1.559369E-01   0.000000E+00  -1.559369E-01   9.877670E-01   0.000000E+00   0.000000E+00   0.000000E+00   1.000000E+00 
  1.580000E+00   7.574005E-01   4.066708E-01   0.000000E+00   9.876509E-01   1.566708E-01   0.000000E+00  -1.566708E-01   9.876509E-01   0.000000E+00   0.000000E+00   0.000000E+00   1.000000E+00 
  1.600000E+00   7.798995E-01   4.074063E-01   0.000000E+00   9.875339E-01   1.574063E-01   0.000000E+00  -1.574063E-01   9.875339E-01   0.000000E+00   0.000000E+00   0.000000E+00   1.000000E+00 
  1.620000E+00   8.021614E-01   4.081430E-01   0.000000E+00   9.874162E-01   1.581430E-01   0.000000E+00  -1.581430E-01   9.874162E-01   0.000000E+00   0.000000E+00   0.000000E+00   1.000000E+00 
  1.640000E+00   8.241090E-01   4.088805E-01   0.000000E+00   9.872978E-01   1.588805E-01   0.000000E+00  -1.588805E-01   9.872978E-01   0.000000E+00   0.000000E+00   0.000000E+00   1.000000E+00 
  1.660000E+00   8.456821E-01   4.096187E-01   0.000000E+00   9.871787E-01   1.596187E-01   0.000000E+00  -1.596187E-01   9.871787E-01   0.000000E+00   0.000000E+00   0.000000E+00   1.000000E+00 
  1.680000E+00   8.668348E-01   4.103573E-01   0.000000E+00   9.870590E-01   1.603573E-01   0.000000E+00  -1.603573E-01   9.870590E-01   0.000000E+00   0.000000E+00   0.000000E+00   1.000000E+00 
  1.700000E+00   8.875210E-01   4.115365E-01   0.000000E+00   9.868667E-01   1.615365E-01   0.000000E+00  -1.615365E-01   9.868667E-01   0.000000E+00   0.000000E+00   0.000000E+00   1.000000E+00 
  1.720000E+00   9.076608E-01   4.147536E-01   0.000000E+00   9.863347E-01   1.647536E-01   0.000000E+00  -1.647536E-01   9.863347E-01   0.000000E+00   0.000000E+00   0.000000E+00   1.000000E+00 
  1.740000E+00   9.271826E-01   4.208000E-01   0.000000E+00   9.853057E-01   1.708000E-01   0.000000E+00  -1.708000E-01   9.853057E-01   0.000000E+00   0.000000E+00   0.000000E+00   1.000000E+00 
  1.760000E+00   9.460335E-01   4.297236E-01   0.000000E+00   9.837171E-01   1.797236E-01   0.000000E+00  -1.797236E-01   9.837171E-01   0.000000E+00   0.000000E+00   0.000000E+00   1.000000E+00 
  1.780000E+00   9.641782E-01   4.412169E-01   0.000000E+00   9.815478E-01   1.912169E-01   0.000000E+00  -1.912169E-01   9.815478E-01   0.000000E+00   0.000000E+00   0.000000E+00   1.000000E+00 
  1.800000E+00   9.816761E-01   4.543023E-01   0.000000E+00   9.789078E-01   2.043023E-01   0.000000E+00  -2.043023E-01   9.789078E-01   0.000000E+00   0.000000E+00   0.000000E+00   1.000000E+00 
  1.820000E+00   9.986856E-01   4.677554E-01   0.000000E+00   9.760034E-01   2.177554E-01   0.000000E+00  -2.177554E-01   9.760034E-01   0.000000E+00   0.000000E+00   0.000000E+00   1.000000E+00 
  1.840000E+00   1.015348E+00   4.809516E-01   0.000000E+00   9.729652E-01   2.309516E-01   0.000000E+00  -2.309516E-01   9.729652E-01   0.000000E+00   0.000000E+00   0.000000E+00   1.000000E+00 
  1.860000E+00   1.031781E+00   4.936379E-01   0.000000E+00   9.698663E-01   2.436379E-01   0.000000E+00  -2.436379E-01   9.698663E-01   0.000000E+00   0.000000E+00   0.000000E+00   1.000000E+00 
  1.880000E+00   1.048080E+00   5.057700E-01   0.000000E+00   9.667376E-01   2.557700E-01   0.000000E+00  -2.557700E-01   9.667376E-01   0.000000E+00   0.000000E+00   0.000000E+00   1.000000E+00 
  1.900000E+00   1.064290E+00   5.174784E-01   0.000000E+00   9.635639E-01   2.674784E-01   0.000000E+00  -2.674784E-01   9.635639E-01   0.000000E+00   0.000000E+00   0.000000E+00   1.000000E+00 
  1.920000E+00   1.080432E+00   5.289031E-01   0.000000E+00   9.603192E-01   2.789031E-01   0.000000E+00  -2.789031E-01   9.603192E-01   0.000000E+00   0.000000E+00   0.000000E+00   1.000000E+00 
  1.940000E+00   1.096526E+00   5.401382E-01   0.000000E+00   9.569848E-01   2.901382E-01   0.000000E+00  -2.901382E-01   9.569848E-01   0.000000E+00   0.000000E+00   0.000000E+00   1.000000E+00 
  1.960000E+00   1.112587E+00   5.512464E-01   0.000000E+00   9.535463E-01   3.012464E-01   0.000000E+00  -3.012464E-01   9.535463E-01   0.000000E+00   0.000000E+00   0.000000E+00   1.000000E+00 
  1.980000E+00   1.128628E+00   5.622696E-01   0.000000E+00   9.499935E-01   3.122696E-01   0.000000E+00  -3.122696E-01   9.499935E-01   0.000000E+00   0.000000E+00   0.000000E+00   1.000000E+00 
  2.000000E+00   1.144659E+00   5.732352E-01   0.000000E+00   9.463187E-01   3.232352E-01   0.000000E+00  -3.232352E-01   9.463187E-01   0.000000E+00   0.000000E+00   0.000000E+00   1.000000E+00 
  2.020000E+00   1.160689E+00   5.841617E-01   0.000000E+00   9.425158E-01   3.341617E-01   0.000000E+00  -3.341617E-01   9.425158E-01   0.000000E+00   0.000000E+00   0.000000E+00   1.000000E+00 
  2.040000E+00   1.176725E+00   5.950617E-01   0.000000E+00   9.385800E-01   3.450617E-01   0.000000E+00  -3.450617E-01   9.385800E-01   0.000000E+00   0.000000E+00   0.000000E+00   1.000000E+00 
  2.060000E+00   1.192772E+00   6.059438E-01   0.000000E+00   9.345074E-01   3.559438E-01   0.000000E+00  -3.559438E-01   9.345074E-01   0.000000E+00   0.000000E+00   0.000000E+00   1.000000E+00 
  2.080000E+00   1.208834E+00   6.168133E-01   0.000000E+00   9.302946E-01   3.668133E-01   0.000000E+00  -3.668133E-01   9.302946E-01   0.000000E+00   0.000000E+00   0.000000E+00   1.000000E+00 
  2.100000E+00   1.224916E+00   6.276740E-01   0.000000E+00   9.259386E-01   3.776740E-01   0.000000E+00  -3.776740E-01   9.259386E-01   0.000000E+00   0.000000E+00   0.000000E+00   1.000000E+00 
  2.120000E+00   1.241020E+00   6.385284E-01   0.000000E+00   9.214367E-01   3.885284E-01   0.000000E+00  -3.885284E-01   9.214367E-01   0.000000E+00   0.000000E+00   0.000000E+00   1.000000E+00 
  2.140000E+00   1.257148E+00   6.493784E-01   0.000000E+00   9.167862E-01   3.993784E-01   0.000000E+00  -3.993784E-01   9.167862E-01   0.000000E+00   0.000000E+00   0.000000E+00   1.000000E+00 
  2.160000E+00   1.273302E+00   6.602252E-01   0.000000E+00   9.119842E-01   4.102252E-01   0.000000E+00  -4.102252E-01   9.119842E-01   0.000000E+00   0.000000E+00   0.000000E+00   1.000000E+00 
  2.180000E+00   1.289482E+00   6.710695E-01   0.000000E+00   9.070284E-01   4.210695E-01   0.000000E+00  -4.210695E-01   9.070284E-01   0.000000E+00   0.000000E+00   0.000000E+00   1.000000E+00 
  2.200000E+00   1.305691E+00   6.819117E-01   0.000000E+00   9.019159E-01   4.319117E-01   0.000000E+00  -4.319117E-01   9.019159E-01   0.000000E+00   0.000000E+00   0.000000E+00   1.000000E+00 
  2.220000E+00   1.321929E+00   6.927523E-01   0.000000E+00   8.966440E-01   4.427523E-01   0.000000E+00  -4.427523E-01   8.966440E-01   0.000000E+00   0.000000E+00   0.000000E+00   1.000000E+00 
  2.240000E+00   1.338195E+00   7.035917E-01   0.000000E+00   8.912096E-01   4.535917E-01   0.000000E+00  -4.535917E-01   8.912096E-01   0.000000E+00   0.000000E+00   0.000000E+00   1.000000E+00 
  2.260000E+00   1.354491E+00   7.144309E-01   0.000000E+00   8.856093E-01   4.644309E-01   0.000000E+00  -4.644309E-01   8.856093E-01   0.000000E+00   0.000000E+00   0.000000E+00   1.000000E+00 
  2.280000E+00   1.370814E+00   7.252713E-01   0.000000E+00   8.798393E-01   4.752713E-01   0.000000E+00  -4.752713E-01   8.798393E-01   0.000000E+00   0.000000E+00   0.000000E+00   1.000000E+00 
  2.300000E+00   1.387166E+00   7.361134E-01   0.000000E+00   8.738957E-01   4.861134E-01   0.000000E+00  -4.861134E-01   8.738957E-01   0.000000E+00   0.000000E+00   0.000000E+00   1.000000E+00 
  2.320000E+00   1.403545E+00   7.469574E-01   0.000000E+00   8.677750E-01   4.969574E-01   0.000000E+00  -4.969574E-01   8.677750E-01   0.000000E+00   0.000000E+00   0.000000E+00   1.000000E+00 
  2.340000E+00   1.419949E+00   7.578028E-01   0.000000E+00   8.614733E-01   5.078028E-01   0.000000E+00  -5.078028E-01   8.614733E-01   0.000000E+00   0.000000E+00   0.000000E+00   1.000000E+00 
  2.360000E+00   1.436379E+00   7.686486E-01   0.000000E+00   8.549875E-01   5.186486E-01   0.000000E+00  -5.186486E-01   8.549875E-01   0.000000E+00   0.000000E+00   0.000000E+00   1.000000E+00 
  2.380000E+00   1.452832E+00   7.794938E-01   0.000000E+00   8.483138E-01   5.294938E-01   0.000000E+00  -5.294938E-01   8.483138E-01   0.000000E+00   0.000000E+00   0.000000E+00   1.000000E+00 
  2.400000E+00   1.469307E+00   7.903381E-01   0.000000E+00   8.414480E-01   5.403381E-01   0.000000E+00  -5.403381E-01   8.414480E-01   0.000000E+00   0.000000E+00   0.000000E+00   1.000000E+00 
  2.420000E+00   1.485802E+00   8.011813E-01   0.000000E+00   8.343855E-01   5.511813E-01   0.000000E+00  -5.511813E-01   8.343855E-01   0.000000E+00   0.000000E+00   0.000000E+00   1.000000E+00 
  2.440000E+00   1.502316E+00   8.120234E-01   0.000000E+00   8.271213E-01   5.620234E-01   0.000000E+00  -5.620234E-01   8.271213E-01   0.000000E+00   0.000000E+00   0.000000E+00   1.000000E+00 
  2.460000E+00   1.518849E+00   8.228645E-01   0.000000E+00   8.196501E-01   5.728645E-01   0.000000E+00  -5.728645E-01   8.196501E-01   0.000000E+00   0.000000E+00   0.000000E+00   1.000000E+00 
  2.480000E+00   1.535399E+00   8.337045E-01   0.000000E+00   8.119662E-01   5.837045E-01   0.000000E+00  -5.837045E-01   8.119662E-01   0.000000E+00   0.000000E+00   0.000000E+00   1.000000E+00 
  2.500000E+00   1.551967E+00   8.445436E-01   0.000000E+00   8.040634E-01   5.945436E-01   0.000000E+00  -5.945436E-01   8.040634E-01   0.000000E+00   0.000000E+00   0.000000E+00   1.000000E+00 
  2.520000E+00   1.568551E+00   8.553820E-01   0.000000E+00   7.959351E-01   6.053820E-01   0.000000E+00  -6.053820E-01   7.959351E-01   0.000000E+00   0.000000E+00   0.000000E+00   1.000000E+00 
  2.540000E+00   1.585151E+00   8.662207E-01   0.000000E+00   7.875735E-01   6.162207E-01   0.000000E+00  -6.162207E-01   7.875735E-01   0.000000E+00   0.000000E+00   0.000000E+00   1.000000E+00 
  2.560000E+00   1.601766E+00   8.770610E-01   0.000000E+00   7.789702E-01   6.270610E-01   0.000000E+00  -6.270610E-01   7.789702E-01   0.000000E+00   0.000000E+00   0.000000E+00   1.000000E+00 
  2.580000E+00   1.618395E+00   8.879031E-01   0.000000E+00   7.701166E-01   6.379031E-01   0.000000E+00  -6.379031E-01   7.701166E-01   0.000000E+00   0.000000E+00   0.000000E+00   1.000000E+00 
  2.600000E+00   1.635038E+00   8.987472E-01   0.000000E+00   7.610040E-01   6.487472E-01   0.000000E+00  -6.487472E-01   7.610040E-01   0.000000E+00   0.000000E+00   0.000000E+00   1.000000E+00 
  2.620000E+00   1.651655E+00   9.095316E-01   0.000000E+00   7.516768E-01   6.595316E-01   0.000000E+00  -6.595316E-01   7.516768E-01   0.000000E+00   0.000000E+00   0.000000E+00   1.000000E+00 
  2.640000E+00   1.668011E+00   9.199502E-01   0.000000E+00   7.424061E-01   6.699502E-01   0.000000E+00  -6.699502E-01   7.424061E-01   0.000000E+00   0.000000E+00   0.000000E+00   1.000000E+00 
  2.660000E+00   1.683847E+00   9.298231E-01   0.000000E+00   7.333761E-01   6.798231E-01   0.000000E+00  -6.798231E-01   7.333761E-01   0.000000E+00   0.000000E+00   0.000000E+00   1.000000E+00 
  2.680000E+00   1.698955E+00   9.391289E-01   0.000000E+00   7.246388E-01   6.891289E-01   0.000000E+00  -6.891289E-01   7.246388E-01   0.000000E+00   0.000000E+00   0.000000E+00   1.000000E+00 
  2.700000E+00   1.713173E+00   9.479080E-01   0.000000E+00   7.161874E-01   6.979080E-01   0.000000E+00  -6.979080E-01   7.161874E-01   0.000000E+00   0.000000E+00   0.000000E+00   1.000000E+00 
  2.720000E+00   1.726374E+00   9.553267E-01   0.000000E+00   7.088824E-01   7.053267E-01   0.000000E+00  -7.053267E-01   7.088824E-01   0.000000E+00   0.000000E+00   0.000000E+00   1.000000E+00 
  2.740000E+00   1.738467E+00   9.598060E-01   0.000000E+00   7.043972E-01   7.098060E-01   0.000000E+00  -7.098060E-01   7.043972E-01   0.000000E+00   0.000000E+00   0.000000E+00   1.000000E+00 
  2.760000E+00   1.749388E+00   9.608397E-01   0.000000E+00   7.033541E-01   7.108397E-01   0.000000E+00  -7.108397E-01   7.033541E-01   0.000000E+00   0.000000E+00   0.000000E+00   1.000000E+00 
  2.780000E+00   1.759094E+00   9.585747E-01   0.000000E+00   7.056358E-01   7.085747E-01   0.000000E+00  -7.085747E-01   7.056358E-01   0.000000E+00   0.000000E+00   0.000000E+00   1.000000E+00 
  2.800000E+00   1.767572E+00   9.534088E-01   0.000000E+00   7.107855E-01   7.034088E-01   0.000000E+00  -7.034088E-01   7.107855E-01   0.000000E+00   0.000000E+00   0.000000E+00   1.000000E+00 
  2.820000E+00   1.774945E+00   9.455734E-01   0.000000E+00   7.184550E-01   6.955734E-01   0.000000E+00  -6.955734E-01   7.184550E-01   0.000000E+00   0.000000E+00   0.000000E+00   1.000000E+00 
  2.840000E+00   1.781400E+00   9.353214E-01   0.000000E+00   7.282408E-01   6.853214E-01   0.000000E+00  -6.853214E-01   7.282408E-01   0.000000E+00   0.000000E+00   0.000000E+00   1.000000E+00 
  2.860000E+00   1.787101E+00   9.230270E-01   0.000000E+00   7.396179E-01   6.730270E-01   0.000000E+00  -6.730270E-01   7.396179E-01   0.000000E+00   0.000000E+00   0.000000E+00   1.000000E+00 
  2.880000E+00   1.792188E+00   9.090805E-01   0.000000E+00   7.520724E-01   6.590805E-01   0.000000E+00  -6.590805E-01   7.520724E-01   0.000000E+00   0.000000E+00   0.000000E+00   1.000000E+00 
  2.900000E+00   1.796781E+00   8.938368E-01   0.000000E+00   7.651629E-01   6.438368E-01   0.000000E+00  -6.438368E-01   7.651629E-01   0.000000E+00   0.000000E+00   0.000000E+00   1.000000E+00 
  2.920000E+00   1.800984E+00   8.775963E-01   0.000000E+00   7.785390E-01   6.275963E-01   0.000000E+00  -6.275963E-01   7.785390E-01   0.000000E+00   0.000000E+00   0.000000E+00   1.000000E+00 
  2.940000E+00   1.804883E+00   8.606023E-01   0.000000E+00   7.919374E-01   6.106023E-01   0.000000E+00  -6.106023E-01   7.919374E-01   0.000000E+00   0.000000E+00   0.000000E+00   1.000000E+00 
  2.960000E+00   1.808555E+00   8.430461E-01   0.000000E+00   8.051685E-01   5.930461E-01   0.000000E+00  -5.930461E-01   8.051685E-01   0.000000E+00   0.000000E+00   0.000000E+00   1.000000E+00 
  2.980000E+00   1.812062E+00   8.250747E-01   0.000000E+00   8.181009E-01   5.750747E-01   0.000000E+00  -5.750747E-01   8.181009E-01   0.000000E+00   0.000000E+00   0.000000E+00   1.000000E+00 
  3.000000E+00   1.815457E+00   8.067993E-01   0.000000E+00   8.306471E-01   5.567993E-01   0.000000E+00  -5.567993E-01   8.306471E-01   0.000000E+00   0.000000E+00   0.000000E+00   1.000000E+00 
  3.020000E+00   1.818786E+00   7.883029E-01   0.000000E+00   8.427514E-01   5.383029E-01   0.000000E+00  -5.383029E-01   8.427514E-01   0.000000E+00   0.000000E+00   0.000000E+00   1.000000E+00 
  3.040000E+00   1.822085E+00   7.696469E-01   0.000000E+00   8.543811E-01   5.196469E-01   0.000000E+00  -5.196469E-01   8.543811E-01   0.000000E+00   0.000000E+00   0.000000E+00   1.000000E+00 
  3.060000E+00   1.825384E+00   7.508761E-01   0.000000E+00   8.655190E-01   5.008761E-01   0.000000E+00  -5.008761E-01   8.655190E-01   0.000000E+00   0.000000E+00   0.000000E+00   1.000000E+00 
  3.080000E+00   1.828710E+00   7.320231E-01   0.000000E+00   8.761585E-01   4.820231E-01   0.000000E+00  -4.820231E-01   8.761585E-01   0.000000E+00   0.000000E+00   0.000000E+00   1.000000E+00 
  3.100000E+00   1.832082E+00   7.131117E-01   0.000000E+00   8.862999E-01   4.631117E-01   0.000000E+00  -4.631117E-01   8.862999E-01   0.000000E+00   0.000000E+00   0.000000E+00   1.000000E+00 
  3.120000E+00   1.835517E+00   6.941587E-01   0.000000E+00   8.959481E-01   4.441587E-01   0.000000E+00  -4.441587E-01   8.959481E-01   0.000000E+00   0.000000E+00   0.000000E+00   1.000000E+00 
  3.140000E+00   1.839027E+00   6.751762E-01   0.000000E+00   9.051106E-01   4.251762E-01   0.000000E+00  -4.251762E-01   9.051106E-01   0.000000E+00   0.000000E+00   0.000000E+00   1.000000E+00 
  3.160000E+00   1.842622E+00   6.561730E-01   0.000000E+00   9.137962E-01   4.061730E-01   0.000000E+00  -4.061730E-01   9.137962E-01   0.000000E+00   0.000000E+00   0.000000E+00   1.000000E+00 
  3.180000E+00   1.846310E+00   6.371552E-01   0.000000E+00   9.220146E-01   3.871552E-01   0.000000E+00  -3.871552E-01   9.220146E-01   0.000000E+00   0.000000E+00   0.000000E+00   1.000000E+00 
  3.200000E+00   1.850094E+00   6.181271E-01   0.000000E+00   9.297755E-01   3.681271E-01   0.000000E+00  -3.681271E-01   9.297755E-01   0.000000E+00   0.000000E+00   0.000000E+00   1.000000E+00 
  3.220000E+00   1.853979E+00   5.990918E-01   0.000000E+00   9.370885E-01   3.490918E-01   0.000000E+00  -3.490918E-01   9.370885E-01   0.000000E+00   0.000000E+00   0.000000E+00   1.000000E+00 
  3.240000E+00   1.857967E+00   5.800515E-01   0.000000E+00   9.439629E-01   3.300515E-01   0.000000E+00  -3.300515E-01   9.439629E-01   0.000000E+00   0.000000E+00   0.000000E+00   1.000000E+00 
  3.260000E+00   1.862057E+00   5.610076E-01   0.000000E+00   9.504074E-01   3.110076E-01   0.000000E+00  -3.110076E-01   9.504074E-01   0.000000E+00   0.000000E+00   0.000000E+00   1.000000E+00 
  3.280000E+00   1.866250E+00   5.419613E-01   0.000000E+00   9.564301E-01   2.919613E-01   0.000000E+00  -2.919613E-01   9.564301E-01   0.000000E+00   0.000000E+00   0.000000E+00   1.000000E+00 
  3.300000E+00   1.870543E+00   5.229133E-01   0.000000E+00   9.620386E-01   2.729133E-01   0.000000E+00  -2.729133E-01   9.620386E-01   0.000000E+00   0.000000E+00   0.000000E+00   1.000000E+00 
  3.320000E+00   1.874936E+00   5.038641E-01   0.000000E+00   9.672399E-01   2.538641E-01   0.000000E+00  -2.538641E-01   9.672399E-01   0.000000E+00   0.000000E+00   0.000000E+00   1.000000E+00 
  3.340000E+00   1.879424E+00   4.848140E-01   0.000000E+00   9.720403E-01   2.348140E-01   0.000000E+00  -2.348140E-01   9.720403E-01   0.000000E+00   0.000000E+00   0.000000E+00   1.000000E+00 
  3.360000E+00   1.884007E+00   4.657634E-01   0.000000E+00   9.764457E-01   2.157634E-01   0.000000E+00  -2.157634E-01   9.764457E-01   0.000000E+00   0.000000E+00   0.000000E+00   1.000000E+00 
  3.380000E+00   1.888679E+00   4.467124E-01   0.000000E+00   9.804612E-01   1.967124E-01   0.000000E+00  -1.967124E-01   9.804612E-01   0.000000E+00   0.000000E+00   0.000000E+00   1.000000E+00 
  3.400000E+00   1.893449E+00   4.278106E-01   0.000000E+00   9.840647E-01   1.778105E-01   0.000000E+00  -1.778105E-01   9.840647E-01   0.000000E+00   0.000000E+00   0.000000E+00   1.000000E+00 
  3.420000E+00   1.898441E+00   4.105739E-01   0.000000E+00   9.870238E-01   1.605739E-01   0.000000E+00  -1.605739E-01   9.870238E-01   0.000000E+00   0.000000E+00   0.000000E+00   1.000000E+00 
  3.440000E+00   1.903831E+00   3.962895E-01   0.000000E+00   9.892418E-01   1.462895E-01   0.000000E+00  -1.462895E-01   9.892418E-01   0.000000E+00   0.000000E+00   0.000000E+00   1.000000E+00 
  3.460000E+00   1.909760E+00   3.852261E-01   0.000000E+00   9.908148E-01   1.352261E-01   0.000000E+00  -1.352261E-01   9.908148E-01   0.000000E+00   0.000000E+00   0.000000E+00   1.000000E+00 
  3.480000E+00   1.916340E+00   3.771542E-01   0.000000E+00   9.918830E-01   1.271542E-01   0.000000E+00  -1.271542E-01   9.918830E-01   0.000000E+00   0.000000E+00   0.000000E+00   1.000000E+00 
  3.500000E+00   1.923655E+00   3.716457E-01   0.000000E+00   9.925736E-01   1.216457E-01   0.000000E+00  -1.216457E-01   9.925736E-01   0.000000E+00   0.000000E+00   0.000000E+00   1.000000E+00 
  3.520000E+00   1.931767E+00   3.682295E-01   0.000000E+00   9.929863E-01   1.182295E-01   0.000000E+00  -1.182295E-01   9.929863E-01   0.000000E+00   0.000000E+00   0.000000E+00   1.000000E+00 
  3.540000E+00   1.940722E+00   3.664666E-01   0.000000E+00   9.931946E-01   1.164666E-01   0.000000E+00  -1.164666E-01   9.931946E-01   0.000000E+00   0.000000E+00   0.000000E+00   1.000000E+00 
  3.560000E+00   1.950548E+00   3.659800E-01   0.000000E+00   9.932515E-01   1.159800E-01   0.000000E+00  -1.159800E-01   9.932515E-01   0.000000E+00   0.000000E+00   0.000000E+00   1.000000E+00 
  3.580000E+00   1.961259E+00   3.664616E-01   0.000000E+00   9.931952E-01   1.164616E-01   0.000000E+00  -1.164616E-01   9.931952E-01   0.000000E+00   0.000000E+00   0.000000E+00   1.000000E+00 
  3.600000E+00   1.972862E+00   3.676678E-01   0.000000E+00   9.930530E-01   1.176678E-01   0.000000E+00  -1.176678E-01   9.930530E-01   0.000000E+00   0.000000E+00   0.000000E+00   1.000000E+00 
  3.620000E+00   1.985351E+00   3.694102E-01   0.000000E+00   9.928450E-01   1.194102E-01   0.000000E+00  -1.194102E-01   9.928450E-01   0.000000E+00   0.000000E+00   0.000000E+00   1.000000E+00 
  3.640000E+00   1.998716E+00   3.715461E-01   0.000000E+00   9.925858E-01   1.215461E-01   0.000000E+00  -1.215461E-01   9.925858E-01   0.000000E+00   0.000000E+00   0.000000E+00   1.000000E+00 
  3.660000E+00   2.012938E+00   3.739684E-01   0.000000E+00   9.922862E-01   1.239684E-01   0.000000E+00  -1.239684E-01   9.922862E-01   0.000000E+00   0.000000E+00   0.000000E+00   1.000000E+00 
  3.680000E+00   2.027996E+00   3.765980E-01   0.000000E+00   9.919541E-01   1.265980E-01   0.000000E+00  -1.265980E-01   9.919541E-01   0.000000E+00   0.000000E+00   0.000000E+00   1.000000E+00 
  3.700000E+00   2.043864E+00   3.793768E-01   0.000000E+00   9.915955E-01   1.293768E-01   0.000000E+00  -1.293768E-01   9.915955E-01   0.000000E+00   0.000000E+00   0.000000E+00   1.000000E+00 
  3.720000E+00   2.060515E+00   3.822624E-01   0.000000E+00   9.912147E-01   1.322624E-01   0.000000E+00  -1.322624E-01   9.912147E-01   0.000000E+00   0.000000E+00   0.000000E+00   1.000000E+00 
  3.740000E+00   2.077917E+00   3.852242E-01   0.000000E+00   9.908150E-01   1.352242E-01   0.000000E+00  -1.352242E-01   9.908150E-01   0.000000E+00   0.000000E+00   0.000000E+00   1.000000E+00 
  3.760000E+00   2.096039E+00   3.882402E-01   0.000000E+00   9.903987E-01   1.382402E-01   0.000000E+00  -1.382402E-01   9.903987E-01   0.000000E+00   0.000000E+00   0.000000E+00   1.000000E+00 
  3.780000E+00   2.114850E+00   3.912945E-01   0.000000E+00   9.899676E-01   1.412945E-01   0.000000E+00  -1.412945E-01   9.899676E-01   0.000000E+00   0.000000E+00   0.000000E+00   1.000000E+00 
  3.800000E+00   2.134315E+00   3.943759E-01   0.000000E+00   9.895229E-01   1.443759E-01   0.000000E+00  -1.443759E-01   9.895229E-01   0.000000E+00   0.000000E+00   0.000000E+00   1.000000E+00 
  3.820000E+00   2.154403E+00   3.974765E-01   0.000000E+00   9.890656E-01   1.474765E-01   0.000000E+00  -1.474765E-01   9.890656E-01   0.000000E+00   0.000000E+00   0.000000E+00   1.000000E+00 
  3.840000E+00   2.175081E+00   4.005936E-01   0.000000E+00   9.885958E-01   1.505936E-01   0.000000E+00  -1.505936E-01   9.885958E-01   0.000000E+00   0.000000E+00   0.000000E+00   1.000000E+00 
  3.860000E+00   2.196146E+00   4.046963E-01   0.000000E+00   9.879621E-01   1.546963E-01   0.000000E+00  -1.546963E-01   9.879621E-01   0.000000E+00   0.000000E+00   0.000000E+00   1.000000E+00 
  3.880000E+00   2.217028E+00   4.121066E-01   0.000000E+00   9.867732E-01   1.621066E-01   0.000000E+00  -1.621066E-01   9.867732E-01   0.000000E+00   0.000000E+00   0.000000E+00   1.000000E+00 
  3.900000E+00   2.237200E+00   4.237577E-01   0.000000E+00   9.847884E-01   1.737577E-01   0.000000E+00  -1.737577E-01   9.847884E-01   0.000000E+00   0.000000E+00   0.000000E+00   1.000000E+00 
  3.920000E+00   2.256270E+00   4.394832E-01   0.000000E+00   9.818840E-01   1.894832E-01   0.000000E+00  -1.894832E-01   9.818840E-01   0.000000E+00   0.000000E+00   0.000000E+00   1.000000E+00 
  3.940000E+00   2.274307E+00   4.573719E-01   0.000000E+00   9.782622E-01   2.073719E-01   0.000000E+00  -2.073719E-01   9.782622E-01   0.000000E+00   0.000000E+00   0.000000E+00   1.000000E+00 
  3.960000E+00   2.291642E+00   4.755080E-01   0.000000E+00   9.742413E-01   2.255080E-01   0.000000E+00  -2.255080E-01   9.742413E-01   0.000000E+00   0.000000E+00   0.000000E+00   1.000000E+00 
  3.980000E+00   2.308556E+00   4.929893E-01   0.000000E+00   9.700290E-01   2.429893E-01   0.000000E+00  -2.429893E-01   9.700290E-01   0.000000E+00   0.000000E+00   0.000000E+00   1.000000E+00 
  4.000000E+00   2.325242E+00   5.095666E-01   0.000000E+00   9.657252E-01   2.595666E-01   0.000000E+00  -2.595666E-01   9.657252E-01   0.000000E+00   0.000000E+00   0.000000E+00   1.000000E+00 
  4.020000E+00   2.341741E+00   5.254400E-01   0.000000E+00   9.613183E-01   2.754399E-01   0.000000E+00  -2.754399E-01   9.613183E-01   0.000000E+00   0.000000E+00   0.000000E+00   1.000000E+00 
