% FILE: MIPSI.5
%
%       t         P_No_Fcm[1]    P_No_Fcm[2]    P_No_Fcm[3]     N_F[1,1]       N_F[1,2]       N_F[1,3]       N_F[2,1]       N_F[2,2]       N_F[2,3]       N_F[3,1]       N_F[3,2]       N_F[3,3]
%   (second)        (meter)        (meter)        (meter)       (NoUnits)      (NoUnits)      (NoUnits)      (NoUnits)      (NoUnits)      (NoUnits)      (NoUnits)      (NoUnits)      (NoUnits)

  0.000000E+00   1.484808E+00   2.500000E-01   0.000000E+00   1.000000E+00  -0.000000E+00   0.000000E+00   0.000000E+00   1.000000E+00   0.000000E+00   0.000000E+00   0.000000E+00   1.000000E+00 
  2.000000E-02   1.479730E+00   2.500000E-01   0.000000E+00   9.997937E-01  -2.030955E-02   0.000000E+00   2.030955E-02   9.997937E-01   0.000000E+00   0.000000E+00   0.000000E+00   1.000000E+00 
  4.000000E-02   1.465805E+00   2.500000E-01   0.000000E+00   9.971125E-01  -7.593895E-02   0.000000E+00   7.593895E-02   9.971125E-01   0.000000E+00   0.000000E+00   0.000000E+00   1.000000E+00 
  6.000000E-02   1.444501E+00   2.500000E-01   0.000000E+00   9.870313E-01  -1.605278E-01   0.000000E+00   1.605278E-01   9.870313E-01   0.000000E+00   0.000000E+00   0.000000E+00   1.000000E+00 
  8.000000E-02   1.418982E+00   2.500000E-01   0.000000E+00   9.655355E-01  -2.602715E-01   0.000000E+00   2.602715E-01   9.655355E-01   0.000000E+00   0.000000E+00   0.000000E+00   1.000000E+00 
  1.000000E-01   1.392990E+00   2.500000E-01   0.000000E+00   9.333113E-01  -3.590683E-01   0.000000E+00   3.590683E-01   9.333113E-01   0.000000E+00   0.000000E+00   0.000000E+00   1.000000E+00 
  1.200000E-01   1.369618E+00   2.500000E-01   0.000000E+00   8.957148E-01  -4.446291E-01   0.000000E+00   4.446291E-01   8.957148E-01   0.000000E+00   0.000000E+00   0.000000E+00   1.000000E+00 
  1.400000E-01   1.350842E+00   2.500000E-01   0.000000E+00   8.598291E-01  -5.105819E-01   0.000000E+00   5.105819E-01   8.598291E-01   0.000000E+00   0.000000E+00   0.000000E+00   1.000000E+00 
  1.600000E-01   1.337570E+00   2.500000E-01   0.000000E+00   8.315227E-01  -5.554907E-01   0.000000E+00   5.554907E-01   8.315227E-01   0.000000E+00   0.000000E+00   0.000000E+00   1.000000E+00 
  1.800000E-01   1.329880E+00   2.500000E-01   0.000000E+00   8.140452E-01  -5.808015E-01   0.000000E+00   5.808015E-01   8.140452E-01   0.000000E+00   0.000000E+00   0.000000E+00   1.000000E+00 
  2.000000E-01   1.327320E+00   2.500000E-01   0.000000E+00   8.080564E-01  -5.891051E-01   0.000000E+00   5.891051E-01   8.080564E-01   0.000000E+00   0.000000E+00   0.000000E+00   1.000000E+00 
  2.200000E-01   1.329160E+00   2.500000E-01   0.000000E+00   8.123703E-01  -5.831420E-01   0.000000E+00   5.831420E-01   8.123703E-01   0.000000E+00   0.000000E+00   0.000000E+00   1.000000E+00 
  2.400000E-01   1.334577E+00   2.500000E-01   0.000000E+00   8.248150E-01  -5.654027E-01   0.000000E+00   5.654027E-01   8.248150E-01   0.000000E+00   0.000000E+00   0.000000E+00   1.000000E+00 
  2.600000E-01   1.342778E+00   2.500000E-01   0.000000E+00   8.429145E-01  -5.380476E-01   0.000000E+00   5.380476E-01   8.429145E-01   0.000000E+00   0.000000E+00   0.000000E+00   1.000000E+00 
  2.800000E-01   1.353059E+00   2.500000E-01   0.000000E+00   8.643218E-01  -5.029392E-01   0.000000E+00   5.029392E-01   8.643218E-01   0.000000E+00   0.000000E+00   0.000000E+00   1.000000E+00 
  3.000000E-01   1.364832E+00   2.500000E-01   0.000000E+00   8.870399E-01  -4.616928E-01   0.000000E+00   4.616928E-01   8.870399E-01   0.000000E+00   0.000000E+00   0.000000E+00   1.000000E+00 
  3.200000E-01   1.377626E+00   2.500000E-01   0.000000E+00   9.094963E-01  -4.157121E-01   0.000000E+00   4.157121E-01   9.094963E-01   0.000000E+00   0.000000E+00   0.000000E+00   1.000000E+00 
  3.400000E-01   1.391074E+00   2.500000E-01   0.000000E+00   9.305316E-01  -3.662116E-01   0.000000E+00   3.662116E-01   9.305316E-01   0.000000E+00   0.000000E+00   0.000000E+00   1.000000E+00 
  3.600000E-01   1.404896E+00   2.500000E-01   0.000000E+00   9.493462E-01  -3.142320E-01   0.000000E+00   3.142320E-01   9.493462E-01   0.000000E+00   0.000000E+00   0.000000E+00   1.000000E+00 
  3.800000E-01   1.412449E+00   2.500000E-01   0.000000E+00   9.584056E-01  -2.854097E-01   0.000000E+00   2.854097E-01   9.584056E-01   0.000000E+00   0.000000E+00   0.000000E+00   1.000000E+00 
  4.000000E-01   1.404858E+00   2.500000E-01   0.000000E+00   9.492985E-01  -3.143761E-01   0.000000E+00   3.143761E-01   9.492985E-01   0.000000E+00   0.000000E+00   0.000000E+00   1.000000E+00 
  4.200000E-01   1.395226E+00   2.500000E-01   0.000000E+00   9.364842E-01  -3.507098E-01   0.000000E+00   3.507098E-01   9.364842E-01   0.000000E+00   0.000000E+00   0.000000E+00   1.000000E+00 
  4.400000E-01   1.384393E+00   2.500000E-01   0.000000E+00   9.204144E-01  -3.909442E-01   0.000000E+00   3.909442E-01   9.204144E-01   0.000000E+00   0.000000E+00   0.000000E+00   1.000000E+00 
  4.600000E-01   1.372473E+00   2.500000E-01   0.000000E+00   9.007347E-01  -4.343696E-01   0.000000E+00   4.343696E-01   9.007347E-01   0.000000E+00   0.000000E+00   0.000000E+00   1.000000E+00 
  4.800000E-01   1.359572E+00   2.500000E-01   0.000000E+00   8.771305E-01  -4.802522E-01   0.000000E+00   4.802522E-01   8.771305E-01   0.000000E+00   0.000000E+00   0.000000E+00   1.000000E+00 
  5.000000E-01   1.345792E+00   2.500000E-01   0.000000E+00   8.493402E-01  -5.278459E-01   0.000000E+00   5.278459E-01   8.493402E-01   0.000000E+00   0.000000E+00   0.000000E+00   1.000000E+00 
  5.200000E-01   1.331951E+00   2.500000E-01   0.000000E+00   8.188291E-01  -5.740374E-01   0.000000E+00   5.740374E-01   8.188291E-01   0.000000E+00   0.000000E+00   0.000000E+00   1.000000E+00 
  5.400000E-01   1.330380E+00   2.500000E-01   0.000000E+00   8.152057E-01  -5.791715E-01   0.000000E+00   5.791715E-01   8.152057E-01   0.000000E+00   0.000000E+00   0.000000E+00   1.000000E+00 
  5.600000E-01   1.339971E+00   2.500000E-01   0.000000E+00   8.368194E-01  -5.474790E-01   0.000000E+00   5.474790E-01   8.368194E-01   0.000000E+00   0.000000E+00   0.000000E+00   1.000000E+00 
  5.800000E-01   1.354596E+00   2.500000E-01   0.000000E+00   8.673983E-01  -4.976145E-01   0.000000E+00   4.976145E-01   8.673983E-01   0.000000E+00   0.000000E+00   0.000000E+00   1.000000E+00 
  6.000000E-01   1.371606E+00   2.500000E-01   0.000000E+00   8.992229E-01  -4.374909E-01   0.000000E+00   4.374909E-01   8.992229E-01   0.000000E+00   0.000000E+00   0.000000E+00   1.000000E+00 
  6.200000E-01   1.389525E+00   2.500000E-01   0.000000E+00   9.282449E-01  -3.719696E-01   0.000000E+00   3.719696E-01   9.282449E-01   0.000000E+00   0.000000E+00   0.000000E+00   1.000000E+00 
  6.400000E-01   1.407560E+00   2.500000E-01   0.000000E+00   9.526413E-01  -3.040964E-01   0.000000E+00   3.040964E-01   9.526413E-01   0.000000E+00   0.000000E+00   0.000000E+00   1.000000E+00 
  6.600000E-01   1.425295E+00   2.500000E-01   0.000000E+00   9.717995E-01  -2.358087E-01   0.000000E+00   2.358087E-01   9.717995E-01   0.000000E+00   0.000000E+00   0.000000E+00   1.000000E+00 
  6.800000E-01   1.442515E+00   2.500000E-01   0.000000E+00   9.857248E-01  -1.683648E-01   0.000000E+00   1.683648E-01   9.857248E-01   0.000000E+00   0.000000E+00   0.000000E+00   1.000000E+00 
  7.000000E-01   1.459111E+00   2.500000E-01   0.000000E+00   9.947222E-01  -1.026051E-01   0.000000E+00   1.026051E-01   9.947222E-01   0.000000E+00   0.000000E+00   0.000000E+00   1.000000E+00 
  7.200000E-01   1.475028E+00   2.500000E-01   0.000000E+00   9.992350E-01  -3.910777E-02   0.000000E+00   3.910777E-02   9.992350E-01   0.000000E+00   0.000000E+00   0.000000E+00   1.000000E+00 
  7.400000E-01   1.490238E+00   2.500000E-01   0.000000E+00   9.997641E-01   2.172012E-02   0.000000E+00  -2.172012E-02   9.997641E-01   0.000000E+00   0.000000E+00   0.000000E+00   1.000000E+00 
  7.600000E-01   1.504726E+00   2.500000E-01   0.000000E+00   9.968276E-01   7.959049E-02   0.000000E+00  -7.959049E-02   9.968276E-01   0.000000E+00   0.000000E+00   0.000000E+00   1.000000E+00 
  7.800000E-01   1.518486E+00   2.500000E-01   0.000000E+00   9.909402E-01   1.343040E-01   0.000000E+00  -1.343040E-01   9.909402E-01   0.000000E+00   0.000000E+00   0.000000E+00   1.000000E+00 
  8.000000E-01   1.531512E+00   2.500000E-01   0.000000E+00   9.826005E-01   1.857319E-01   0.000000E+00  -1.857319E-01   9.826005E-01   0.000000E+00   0.000000E+00   0.000000E+00   1.000000E+00 
  8.200000E-01   1.543805E+00   2.500000E-01   0.000000E+00   9.722839E-01   2.338035E-01   0.000000E+00  -2.338035E-01   9.722839E-01   0.000000E+00   0.000000E+00   0.000000E+00   1.000000E+00 
  8.400000E-01   1.555365E+00   2.500000E-01   0.000000E+00   9.604370E-01   2.784975E-01   0.000000E+00  -2.784975E-01   9.604370E-01   0.000000E+00   0.000000E+00   0.000000E+00   1.000000E+00 
  8.600000E-01   1.566196E+00   2.500000E-01   0.000000E+00   9.474739E-01   3.198332E-01   0.000000E+00  -3.198332E-01   9.474739E-01   0.000000E+00   0.000000E+00   0.000000E+00   1.000000E+00 
  8.800000E-01   1.576303E+00   2.500000E-01   0.000000E+00   9.337738E-01   3.578638E-01   0.000000E+00  -3.578638E-01   9.337738E-01   0.000000E+00   0.000000E+00   0.000000E+00   1.000000E+00 
  9.000000E-01   1.585691E+00   2.500000E-01   0.000000E+00   9.196797E-01   3.926695E-01   0.000000E+00  -3.926695E-01   9.196797E-01   0.000000E+00   0.000000E+00   0.000000E+00   1.000000E+00 
  9.200000E-01   1.594369E+00   2.500000E-01   0.000000E+00   9.054979E-01   4.243508E-01   0.000000E+00  -4.243508E-01   9.054979E-01   0.000000E+00   0.000000E+00   0.000000E+00   1.000000E+00 
  9.400000E-01   1.602346E+00   2.500000E-01   0.000000E+00   8.914990E-01   4.530227E-01   0.000000E+00  -4.530227E-01   8.914990E-01   0.000000E+00   0.000000E+00   0.000000E+00   1.000000E+00 
  9.600000E-01   1.609632E+00   2.500000E-01   0.000000E+00   8.779186E-01   4.788099E-01   0.000000E+00  -4.788099E-01   8.779186E-01   0.000000E+00   0.000000E+00   0.000000E+00   1.000000E+00 
  9.800000E-01   1.616239E+00   2.500000E-01   0.000000E+00   8.649595E-01   5.018416E-01   0.000000E+00  -5.018416E-01   8.649595E-01   0.000000E+00   0.000000E+00   0.000000E+00   1.000000E+00 
  1.000000E+00   1.622179E+00   2.500000E-01   0.000000E+00   8.527937E-01   5.222479E-01   0.000000E+00  -5.222479E-01   8.527937E-01   0.000000E+00   0.000000E+00   0.000000E+00   1.000000E+00 
  1.020000E+00   1.627463E+00   2.500000E-01   0.000000E+00   8.415647E-01   5.401564E-01   0.000000E+00  -5.401564E-01   8.415647E-01   0.000000E+00   0.000000E+00   0.000000E+00   1.000000E+00 
  1.040000E+00   1.632106E+00   2.500000E-01   0.000000E+00   8.313898E-01   5.556897E-01   0.000000E+00  -5.556897E-01   8.313898E-01   0.000000E+00   0.000000E+00   0.000000E+00   1.000000E+00 
  1.060000E+00   1.636119E+00   2.500000E-01   0.000000E+00   8.223628E-01   5.689635E-01   0.000000E+00  -5.689635E-01   8.223628E-01   0.000000E+00   0.000000E+00   0.000000E+00   1.000000E+00 
  1.080000E+00   1.639516E+00   2.500000E-01   0.000000E+00   8.145563E-01   5.800845E-01   0.000000E+00  -5.800845E-01   8.145563E-01   0.000000E+00   0.000000E+00   0.000000E+00   1.000000E+00 
  1.100000E+00   1.642309E+00   2.500000E-01   0.000000E+00   8.080237E-01   5.891499E-01   0.000000E+00  -5.891499E-01   8.080237E-01   0.000000E+00   0.000000E+00   0.000000E+00   1.000000E+00 
  1.120000E+00   1.644512E+00   2.500000E-01   0.000000E+00   8.028016E-01   5.962463E-01   0.000000E+00  -5.962463E-01   8.028016E-01   0.000000E+00   0.000000E+00   0.000000E+00   1.000000E+00 
  1.140000E+00   1.646136E+00   2.500000E-01   0.000000E+00   7.989110E-01   6.014492E-01   0.000000E+00  -6.014492E-01   7.989110E-01   0.000000E+00   0.000000E+00   0.000000E+00   1.000000E+00 
  1.160000E+00   1.643074E+00   2.500000E-01   0.000000E+00   8.062183E-01   5.916181E-01   0.000000E+00  -5.916181E-01   8.062183E-01   0.000000E+00   0.000000E+00   0.000000E+00   1.000000E+00 
  1.180000E+00   1.629923E+00   2.500000E-01   0.000000E+00   8.362093E-01   5.484104E-01   0.000000E+00  -5.484104E-01   8.362093E-01   0.000000E+00   0.000000E+00   0.000000E+00   1.000000E+00 
  1.200000E+00   1.614929E+00   2.500000E-01   0.000000E+00   8.675778E-01   4.973014E-01   0.000000E+00  -4.973014E-01   8.675778E-01   0.000000E+00   0.000000E+00   0.000000E+00   1.000000E+00 
  1.220000E+00   1.598846E+00   2.500000E-01   0.000000E+00   8.977541E-01   4.404970E-01   0.000000E+00  -4.404970E-01   8.977541E-01   0.000000E+00   0.000000E+00   0.000000E+00   1.000000E+00 
  1.240000E+00   1.581899E+00   2.500000E-01   0.000000E+00   9.255289E-01   3.786770E-01   0.000000E+00  -3.786770E-01   9.255289E-01   0.000000E+00   0.000000E+00   0.000000E+00   1.000000E+00 
  1.260000E+00   1.564254E+00   2.500000E-01   0.000000E+00   9.499294E-01   3.124645E-01   0.000000E+00  -3.124645E-01   9.499294E-01   0.000000E+00   0.000000E+00   0.000000E+00   1.000000E+00 
  1.280000E+00   1.546035E+00   2.500000E-01   0.000000E+00   9.701590E-01   2.424695E-01   0.000000E+00  -2.424695E-01   9.701590E-01   0.000000E+00   0.000000E+00   0.000000E+00   1.000000E+00 
  1.300000E+00   1.528034E+00   2.500000E-01   0.000000E+00   9.850894E-01   1.720433E-01   0.000000E+00  -1.720433E-01   9.850894E-01   0.000000E+00   0.000000E+00   0.000000E+00   1.000000E+00 
  1.320000E+00   1.522327E+00   2.500000E-01   0.000000E+00   9.887593E-01   1.495159E-01   0.000000E+00  -1.495159E-01   9.887593E-01   0.000000E+00   0.000000E+00   0.000000E+00   1.000000E+00 
  1.340000E+00   1.525532E+00   2.500000E-01   0.000000E+00   9.867617E-01   1.621766E-01   0.000000E+00  -1.621766E-01   9.867617E-01   0.000000E+00   0.000000E+00   0.000000E+00   1.000000E+00 
  1.360000E+00   1.533127E+00   2.500000E-01   0.000000E+00   9.813800E-01   1.920763E-01   0.000000E+00  -1.920763E-01   9.813800E-01   0.000000E+00   0.000000E+00   0.000000E+00   1.000000E+00 
  1.380000E+00   1.544326E+00   2.500000E-01   0.000000E+00   9.717944E-01   2.358296E-01   0.000000E+00  -2.358296E-01   9.717944E-01   0.000000E+00   0.000000E+00   0.000000E+00   1.000000E+00 
  1.400000E+00   1.558452E+00   2.500000E-01   0.000000E+00   9.569254E-01   2.903340E-01   0.000000E+00  -2.903340E-01   9.569254E-01   0.000000E+00   0.000000E+00   0.000000E+00   1.000000E+00 
  1.420000E+00   1.574926E+00   2.500000E-01   0.000000E+00   9.357304E-01   3.527159E-01   0.000000E+00  -3.527159E-01   9.357304E-01   0.000000E+00   0.000000E+00   0.000000E+00   1.000000E+00 
  1.440000E+00   1.593253E+00   2.500000E-01   0.000000E+00   9.073832E-01   4.203043E-01   0.000000E+00  -4.203043E-01   9.073832E-01   0.000000E+00   0.000000E+00   0.000000E+00   1.000000E+00 
  1.460000E+00   1.613011E+00   2.500000E-01   0.000000E+00   8.713670E-01   4.906318E-01   0.000000E+00  -4.906318E-01   8.713670E-01   0.000000E+00   0.000000E+00   0.000000E+00   1.000000E+00 
  1.480000E+00   1.633843E+00   2.500000E-01   0.000000E+00   8.275079E-01   5.614540E-01   0.000000E+00  -5.614540E-01   8.275079E-01   0.000000E+00   0.000000E+00   0.000000E+00   1.000000E+00 
  1.500000E+00   1.655445E+00   2.500000E-01   0.000000E+00   7.759663E-01   6.307744E-01   0.000000E+00  -6.307744E-01   7.759663E-01   0.000000E+00   0.000000E+00   0.000000E+00   1.000000E+00 
  1.520000E+00   1.677563E+00   2.500000E-01   0.000000E+00   7.171989E-01   6.968686E-01   0.000000E+00  -6.968686E-01   7.171989E-01   0.000000E+00   0.000000E+00   0.000000E+00   1.000000E+00 
  1.540000E+00   1.699983E+00   2.500000E-01   0.000000E+00   6.519053E-01   7.583004E-01   0.000000E+00  -7.583004E-01   6.519053E-01   0.000000E+00   0.000000E+00   0.000000E+00   1.000000E+00 
  1.560000E+00   1.722528E+00   2.500000E-01   0.000000E+00   5.809659E-01   8.139279E-01   0.000000E+00  -8.139279E-01   5.809659E-01   0.000000E+00   0.000000E+00   0.000000E+00   1.000000E+00 
  1.580000E+00   1.745051E+00   2.500000E-01   0.000000E+00   5.053795E-01   8.628972E-01   0.000000E+00  -8.628972E-01   5.053795E-01   0.000000E+00   0.000000E+00   0.000000E+00   1.000000E+00 
  1.600000E+00   1.767433E+00   2.500000E-01   0.000000E+00   4.262050E-01   9.046266E-01   0.000000E+00  -9.046266E-01   4.262050E-01   0.000000E+00   0.000000E+00   0.000000E+00   1.000000E+00 
  1.620000E+00   1.789578E+00   2.500000E-01   0.000000E+00   3.445101E-01   9.387826E-01   0.000000E+00  -9.387826E-01   3.445101E-01   0.000000E+00   0.000000E+00   0.000000E+00   1.000000E+00 
  1.640000E+00   1.811407E+00   2.500000E-01   0.000000E+00   2.613302E-01   9.652495E-01   0.000000E+00  -9.652495E-01   2.613302E-01   0.000000E+00   0.000000E+00   0.000000E+00   1.000000E+00 
  1.660000E+00   1.832861E+00   2.500000E-01   0.000000E+00   1.776362E-01   9.840962E-01   0.000000E+00  -9.840962E-01   1.776362E-01   0.000000E+00   0.000000E+00   0.000000E+00   1.000000E+00 
  1.680000E+00   1.853894E+00   2.500000E-01   0.000000E+00   9.431171E-02   9.955427E-01   0.000000E+00  -9.955427E-01   9.431171E-02   0.000000E+00   0.000000E+00   0.000000E+00   1.000000E+00 
  1.700000E+00   1.874388E+00   2.500000E-01   0.000000E+00   1.247613E-02   9.999222E-01   0.000000E+00  -9.999222E-01   1.247613E-02   0.000000E+00   0.000000E+00   0.000000E+00   1.000000E+00 
  1.720000E+00   1.893996E+00   2.500000E-01   0.000000E+00  -6.590698E-02   9.978258E-01   0.000000E+00  -9.978258E-01  -6.590698E-02   0.000000E+00   0.000000E+00   0.000000E+00   1.000000E+00 
  1.740000E+00   1.912488E+00   2.500000E-01   0.000000E+00  -1.394698E-01   9.902263E-01   0.000000E+00  -9.902263E-01  -1.394698E-01   0.000000E+00   0.000000E+00   0.000000E+00   1.000000E+00 
  1.760000E+00   1.929751E+00   2.500000E-01   0.000000E+00  -2.074575E-01   9.782440E-01   0.000000E+00  -9.782440E-01  -2.074575E-01   0.000000E+00   0.000000E+00   0.000000E+00   1.000000E+00 
  1.780000E+00   1.945726E+00   2.500000E-01   0.000000E+00  -2.695026E-01   9.629997E-01   0.000000E+00  -9.629997E-01  -2.695026E-01   0.000000E+00   0.000000E+00   0.000000E+00   1.000000E+00 
  1.800000E+00   1.960584E+00   2.500000E-01   0.000000E+00  -3.262260E-01   9.452918E-01   0.000000E+00  -9.452918E-01  -3.262260E-01   0.000000E+00   0.000000E+00   0.000000E+00   1.000000E+00 
  1.820000E+00   1.974689E+00   2.500000E-01   0.000000E+00  -3.790122E-01   9.253917E-01   0.000000E+00  -9.253917E-01  -3.790122E-01   0.000000E+00   0.000000E+00   0.000000E+00   1.000000E+00 
  1.840000E+00   1.988313E+00   2.500000E-01   0.000000E+00  -4.288547E-01   9.033735E-01   0.000000E+00  -9.033735E-01  -4.288547E-01   0.000000E+00   0.000000E+00   0.000000E+00   1.000000E+00 
  1.860000E+00   2.001647E+00   2.500000E-01   0.000000E+00  -4.764052E-01   8.792259E-01   0.000000E+00  -8.792259E-01  -4.764052E-01   0.000000E+00   0.000000E+00   0.000000E+00   1.000000E+00 
  1.880000E+00   2.014818E+00   2.500000E-01   0.000000E+00  -5.220420E-01   8.529198E-01   0.000000E+00  -8.529198E-01  -5.220420E-01   0.000000E+00   0.000000E+00   0.000000E+00   1.000000E+00 
  1.900000E+00   2.027854E+00   2.500000E-01   0.000000E+00  -5.657868E-01   8.245516E-01   0.000000E+00  -8.245516E-01  -5.657868E-01   0.000000E+00   0.000000E+00   0.000000E+00   1.000000E+00 
  1.920000E+00   2.040752E+00   2.500000E-01   0.000000E+00  -6.075552E-01   7.942775E-01   0.000000E+00  -7.942775E-01  -6.075552E-01   0.000000E+00   0.000000E+00   0.000000E+00   1.000000E+00 
  1.940000E+00   2.053511E+00   2.500000E-01   0.000000E+00  -6.472846E-01   7.622484E-01   0.000000E+00  -7.622484E-01  -6.472846E-01   0.000000E+00   0.000000E+00   0.000000E+00   1.000000E+00 
  1.960000E+00   2.066134E+00   2.500000E-01   0.000000E+00  -6.849294E-01   7.286094E-01   0.000000E+00  -7.286094E-01  -6.849294E-01   0.000000E+00   0.000000E+00   0.000000E+00   1.000000E+00 
  1.980000E+00   2.078622E+00   2.500000E-01   0.000000E+00  -7.204559E-01   6.935008E-01   0.000000E+00  -6.935008E-01  -7.204559E-01   0.000000E+00   0.000000E+00   0.000000E+00   1.000000E+00 
  2.000000E+00   2.090978E+00   2.500000E-01   0.000000E+00  -7.538387E-01   6.570596E-01   0.000000E+00  -6.570596E-01  -7.538387E-01   0.000000E+00   0.000000E+00   0.000000E+00   1.000000E+00 
  2.020000E+00   2.103205E+00   2.500000E-01   0.000000E+00  -7.850599E-01   6.194198E-01   0.000000E+00  -6.194198E-01  -7.850599E-01   0.000000E+00   0.000000E+00   0.000000E+00   1.000000E+00 
  2.040000E+00   2.115305E+00   2.500000E-01   0.000000E+00  -8.141083E-01   5.807131E-01   0.000000E+00  -5.807131E-01  -8.141083E-01   0.000000E+00   0.000000E+00   0.000000E+00   1.000000E+00 
  2.060000E+00   2.127279E+00   2.500000E-01   0.000000E+00  -8.409782E-01   5.410690E-01   0.000000E+00  -5.410690E-01  -8.409782E-01   0.000000E+00   0.000000E+00   0.000000E+00   1.000000E+00 
  2.080000E+00   2.139129E+00   2.500000E-01   0.000000E+00  -8.656702E-01   5.006147E-01   0.000000E+00  -5.006147E-01  -8.656702E-01   0.000000E+00   0.000000E+00   0.000000E+00   1.000000E+00 
  2.100000E+00   2.150855E+00   2.500000E-01   0.000000E+00  -8.881902E-01   4.594759E-01   0.000000E+00  -4.594759E-01  -8.881902E-01   0.000000E+00   0.000000E+00   0.000000E+00   1.000000E+00 
  2.120000E+00   2.162457E+00   2.500000E-01   0.000000E+00  -9.085497E-01   4.177767E-01   0.000000E+00  -4.177767E-01  -9.085497E-01   0.000000E+00   0.000000E+00   0.000000E+00   1.000000E+00 
  2.140000E+00   2.173934E+00   2.500000E-01   0.000000E+00  -9.267658E-01   3.756398E-01   0.000000E+00  -3.756398E-01  -9.267658E-01   0.000000E+00   0.000000E+00   0.000000E+00   1.000000E+00 
  2.160000E+00   2.185286E+00   2.500000E-01   0.000000E+00  -9.428614E-01   3.331852E-01   0.000000E+00  -3.331852E-01  -9.428614E-01   0.000000E+00   0.000000E+00   0.000000E+00   1.000000E+00 
  2.180000E+00   2.196511E+00   2.500000E-01   0.000000E+00  -9.568660E-01   2.905295E-01   0.000000E+00  -2.905295E-01  -9.568660E-01   0.000000E+00   0.000000E+00   0.000000E+00   1.000000E+00 
  2.200000E+00   2.207607E+00   2.500000E-01   0.000000E+00  -9.688147E-01   2.477862E-01   0.000000E+00  -2.477862E-01  -9.688147E-01   0.000000E+00   0.000000E+00   0.000000E+00   1.000000E+00 
  2.220000E+00   2.218573E+00   2.500000E-01   0.000000E+00  -9.787480E-01   2.050669E-01   0.000000E+00  -2.050669E-01  -9.787480E-01   0.000000E+00   0.000000E+00   0.000000E+00   1.000000E+00 
  2.240000E+00   2.229405E+00   2.500000E-01   0.000000E+00  -9.867118E-01   1.624800E-01   0.000000E+00  -1.624800E-01  -9.867118E-01   0.000000E+00   0.000000E+00   0.000000E+00   1.000000E+00 
  2.260000E+00   2.240100E+00   2.500000E-01   0.000000E+00  -9.927579E-01   1.201326E-01   0.000000E+00  -1.201326E-01  -9.927579E-01   0.000000E+00   0.000000E+00   0.000000E+00   1.000000E+00 
  2.280000E+00   2.250654E+00   2.500000E-01   0.000000E+00  -9.969432E-01   7.812924E-02   0.000000E+00  -7.812924E-02  -9.969432E-01   0.000000E+00   0.000000E+00   0.000000E+00   1.000000E+00 
  2.300000E+00   2.261062E+00   2.500000E-01   0.000000E+00  -9.993311E-01   3.656895E-02   0.000000E+00  -3.656895E-02  -9.993311E-01   0.000000E+00   0.000000E+00   0.000000E+00   1.000000E+00 
  2.320000E+00   2.271320E+00   2.500000E-01   0.000000E+00  -9.999901E-01  -4.454479E-03   0.000000E+00   4.454479E-03  -9.999901E-01   0.000000E+00   0.000000E+00   0.000000E+00   1.000000E+00 
  2.340000E+00   2.281423E+00   2.500000E-01   0.000000E+00  -9.989936E-01  -4.485255E-02   0.000000E+00   4.485255E-02  -9.989936E-01   0.000000E+00   0.000000E+00   0.000000E+00   1.000000E+00 
  2.360000E+00   2.291367E+00   2.500000E-01   0.000000E+00  -9.964199E-01  -8.454221E-02   0.000000E+00   8.454221E-02  -9.964199E-01   0.000000E+00   0.000000E+00   0.000000E+00   1.000000E+00 
  2.380000E+00   2.301146E+00   2.500000E-01   0.000000E+00  -9.923514E-01  -1.234448E-01   0.000000E+00   1.234448E-01  -9.923514E-01   0.000000E+00   0.000000E+00   0.000000E+00   1.000000E+00 
  2.400000E+00   2.310755E+00   2.500000E-01   0.000000E+00  -9.868750E-01  -1.614861E-01   0.000000E+00   1.614861E-01  -9.868750E-01   0.000000E+00   0.000000E+00   0.000000E+00   1.000000E+00 
  2.420000E+00   2.320188E+00   2.500000E-01   0.000000E+00  -9.800812E-01  -1.985972E-01   0.000000E+00   1.985972E-01  -9.800812E-01   0.000000E+00   0.000000E+00   0.000000E+00   1.000000E+00 
  2.440000E+00   2.329437E+00   2.500000E-01   0.000000E+00  -9.720641E-01  -2.347156E-01   0.000000E+00   2.347156E-01  -9.720641E-01   0.000000E+00   0.000000E+00   0.000000E+00   1.000000E+00 
  2.460000E+00   2.338499E+00   2.500000E-01   0.000000E+00  -9.629201E-01  -2.697867E-01   0.000000E+00   2.697867E-01  -9.629201E-01   0.000000E+00   0.000000E+00   0.000000E+00   1.000000E+00 
  2.480000E+00   2.347365E+00   2.500000E-01   0.000000E+00  -9.527483E-01  -3.037609E-01   0.000000E+00   3.037609E-01  -9.527483E-01   0.000000E+00   0.000000E+00   0.000000E+00   1.000000E+00 
  2.500000E+00   2.356030E+00   2.500000E-01   0.000000E+00  -9.416500E-01  -3.365936E-01   0.000000E+00   3.365936E-01  -9.416500E-01   0.000000E+00   0.000000E+00   0.000000E+00   1.000000E+00 
  2.520000E+00   2.364486E+00   2.500000E-01   0.000000E+00  -9.297288E-01  -3.682450E-01   0.000000E+00   3.682450E-01  -9.297288E-01   0.000000E+00   0.000000E+00   0.000000E+00   1.000000E+00 
  2.540000E+00   2.372724E+00   2.500000E-01   0.000000E+00  -9.170913E-01  -3.986773E-01   0.000000E+00   3.986773E-01  -9.170913E-01   0.000000E+00   0.000000E+00   0.000000E+00   1.000000E+00 
  2.560000E+00   2.380736E+00   2.500000E-01   0.000000E+00  -9.038464E-01  -4.278572E-01   0.000000E+00   4.278572E-01  -9.038464E-01   0.000000E+00   0.000000E+00   0.000000E+00   1.000000E+00 
  2.580000E+00   2.388512E+00   2.500000E-01   0.000000E+00  -8.901040E-01  -4.557575E-01   0.000000E+00   4.557575E-01  -8.901040E-01   0.000000E+00   0.000000E+00   0.000000E+00   1.000000E+00 
  2.600000E+00   2.396042E+00   2.500000E-01   0.000000E+00  -8.759748E-01  -4.823568E-01   0.000000E+00   4.823568E-01  -8.759748E-01   0.000000E+00   0.000000E+00   0.000000E+00   1.000000E+00 
  2.620000E+00   2.403332E+00   2.500000E-01   0.000000E+00  -8.615385E-01  -5.076922E-01   0.000000E+00   5.076922E-01  -8.615385E-01   0.000000E+00   0.000000E+00   0.000000E+00   1.000000E+00 
  2.640000E+00   2.410417E+00   2.500000E-01   0.000000E+00  -8.468055E-01  -5.319027E-01   0.000000E+00   5.319027E-01  -8.468055E-01   0.000000E+00   0.000000E+00   0.000000E+00   1.000000E+00 
  2.660000E+00   2.417223E+00   2.500000E-01   0.000000E+00  -8.320129E-01  -5.547563E-01   0.000000E+00   5.547563E-01  -8.320129E-01   0.000000E+00   0.000000E+00   0.000000E+00   1.000000E+00 
  2.680000E+00   2.423594E+00   2.500000E-01   0.000000E+00  -8.176073E-01  -5.757763E-01   0.000000E+00   5.757763E-01  -8.176073E-01   0.000000E+00   0.000000E+00   0.000000E+00   1.000000E+00 
  2.700000E+00   2.429360E+00   2.500000E-01   0.000000E+00  -8.041119E-01  -5.944779E-01   0.000000E+00   5.944779E-01  -8.041119E-01   0.000000E+00   0.000000E+00   0.000000E+00   1.000000E+00 
  2.720000E+00   2.435256E+00   2.500000E-01   0.000000E+00  -7.898693E-01  -6.132753E-01   0.000000E+00   6.132753E-01  -7.898693E-01   0.000000E+00   0.000000E+00   0.000000E+00   1.000000E+00 
  2.740000E+00   2.442864E+00   2.500000E-01   0.000000E+00  -7.708425E-01  -6.370257E-01   0.000000E+00   6.370257E-01  -7.708425E-01   0.000000E+00   0.000000E+00   0.000000E+00   1.000000E+00 
  2.760000E+00   2.452742E+00   2.500000E-01   0.000000E+00  -7.450778E-01  -6.669776E-01   0.000000E+00   6.669776E-01  -7.450778E-01   0.000000E+00   0.000000E+00   0.000000E+00   1.000000E+00 
  2.780000E+00   2.464730E+00   2.500000E-01   0.000000E+00  -7.122516E-01  -7.019242E-01   0.000000E+00   7.019242E-01  -7.122516E-01   0.000000E+00   0.000000E+00   0.000000E+00   1.000000E+00 
  2.800000E+00   2.478357E+00   2.500000E-01   0.000000E+00  -6.729505E-01  -7.396875E-01   0.000000E+00   7.396875E-01  -6.729505E-01   0.000000E+00   0.000000E+00   0.000000E+00   1.000000E+00 
  2.820000E+00   2.493400E+00   2.500000E-01   0.000000E+00  -6.272524E-01  -7.788160E-01   0.000000E+00   7.788160E-01  -6.272524E-01   0.000000E+00   0.000000E+00   0.000000E+00   1.000000E+00 
  2.840000E+00   2.509641E+00   2.500000E-01   0.000000E+00  -5.753690E-01  -8.178939E-01   0.000000E+00   8.178939E-01  -5.753690E-01   0.000000E+00   0.000000E+00   0.000000E+00   1.000000E+00 
  2.860000E+00   2.526719E+00   2.500000E-01   0.000000E+00  -5.181980E-01  -8.552607E-01   0.000000E+00   8.552607E-01  -5.181980E-01   0.000000E+00   0.000000E+00   0.000000E+00   1.000000E+00 
  2.880000E+00   2.544261E+00   2.500000E-01   0.000000E+00  -4.569625E-01  -8.894859E-01   0.000000E+00   8.894859E-01  -4.569625E-01   0.000000E+00   0.000000E+00   0.000000E+00   1.000000E+00 
  2.900000E+00   2.561944E+00   2.500000E-01   0.000000E+00  -3.929551E-01  -9.195577E-01   0.000000E+00   9.195577E-01  -3.929551E-01   0.000000E+00   0.000000E+00   0.000000E+00   1.000000E+00 
  2.920000E+00   2.579523E+00   2.500000E-01   0.000000E+00  -3.273794E-01  -9.448930E-01   0.000000E+00   9.448930E-01  -3.273794E-01   0.000000E+00   0.000000E+00   0.000000E+00   1.000000E+00 
  2.940000E+00   2.596821E+00   2.500000E-01   0.000000E+00  -2.612687E-01  -9.652661E-01   0.000000E+00   9.652661E-01  -2.612687E-01   0.000000E+00   0.000000E+00   0.000000E+00   1.000000E+00 
  2.960000E+00   2.613724E+00   2.500000E-01   0.000000E+00  -1.954588E-01  -9.807119E-01   0.000000E+00   9.807119E-01  -1.954588E-01   0.000000E+00   0.000000E+00   0.000000E+00   1.000000E+00 
  2.980000E+00   2.630163E+00   2.500000E-01   0.000000E+00  -1.305941E-01  -9.914359E-01   0.000000E+00   9.914359E-01  -1.305941E-01   0.000000E+00   0.000000E+00   0.000000E+00   1.000000E+00 
  3.000000E+00   2.646104E+00   2.500000E-01   0.000000E+00  -6.715150E-02  -9.977428E-01   0.000000E+00   9.977428E-01  -6.715150E-02   0.000000E+00   0.000000E+00   0.000000E+00   1.000000E+00 
  3.020000E+00   2.661537E+00   2.500000E-01   0.000000E+00  -5.470585E-03  -9.999850E-01   0.000000E+00   9.999850E-01  -5.470585E-03   0.000000E+00   0.000000E+00   0.000000E+00   1.000000E+00 
  3.040000E+00   2.676466E+00   2.500000E-01   0.000000E+00   5.421673E-02  -9.985292E-01   0.000000E+00   9.985292E-01   5.421673E-02   0.000000E+00   0.000000E+00   0.000000E+00   1.000000E+00 
  3.060000E+00   2.690903E+00   2.500000E-01   0.000000E+00   1.117598E-01  -9.937353E-01   0.000000E+00   9.937353E-01   1.117598E-01   0.000000E+00   0.000000E+00   0.000000E+00   1.000000E+00 
  3.080000E+00   2.704869E+00   2.500000E-01   0.000000E+00   1.670677E-01  -9.859454E-01   0.000000E+00   9.859454E-01   1.670677E-01   0.000000E+00   0.000000E+00   0.000000E+00   1.000000E+00 
  3.100000E+00   2.718382E+00   2.500000E-01   0.000000E+00   2.200925E-01  -9.754790E-01   0.000000E+00   9.754790E-01   2.200925E-01   0.000000E+00   0.000000E+00   0.000000E+00   1.000000E+00 
  3.120000E+00   2.731465E+00   2.500000E-01   0.000000E+00   2.708165E-01  -9.626310E-01   0.000000E+00   9.626310E-01   2.708165E-01   0.000000E+00   0.000000E+00   0.000000E+00   1.000000E+00 
  3.140000E+00   2.744138E+00   2.500000E-01   0.000000E+00   3.192436E-01  -9.476727E-01   0.000000E+00   9.476727E-01   3.192436E-01   0.000000E+00   0.000000E+00   0.000000E+00   1.000000E+00 
  3.160000E+00   2.756419E+00   2.500000E-01   0.000000E+00   3.653922E-01  -9.308537E-01   0.000000E+00   9.308537E-01   3.653922E-01   0.000000E+00   0.000000E+00   0.000000E+00   1.000000E+00 
  3.180000E+00   2.768324E+00   2.500000E-01   0.000000E+00   4.092911E-01  -9.124039E-01   0.000000E+00   9.124039E-01   4.092911E-01   0.000000E+00   0.000000E+00   0.000000E+00   1.000000E+00 
  3.200000E+00   2.779870E+00   2.500000E-01   0.000000E+00   4.509765E-01  -8.925358E-01   0.000000E+00   8.925358E-01   4.509765E-01   0.000000E+00   0.000000E+00   0.000000E+00   1.000000E+00 
  3.220000E+00   2.791068E+00   2.500000E-01   0.000000E+00   4.904900E-01  -8.714468E-01   0.000000E+00   8.714468E-01   4.904900E-01   0.000000E+00   0.000000E+00   0.000000E+00   1.000000E+00 
  3.240000E+00   2.801930E+00   2.500000E-01   0.000000E+00   5.278774E-01  -8.493206E-01   0.000000E+00   8.493206E-01   5.278774E-01   0.000000E+00   0.000000E+00   0.000000E+00   1.000000E+00 
  3.260000E+00   2.812465E+00   2.500000E-01   0.000000E+00   5.631877E-01  -8.263290E-01   0.000000E+00   8.263290E-01   5.631877E-01   0.000000E+00   0.000000E+00   0.000000E+00   1.000000E+00 
  3.280000E+00   2.822680E+00   2.500000E-01   0.000000E+00   5.964729E-01  -8.026332E-01   0.000000E+00   8.026332E-01   5.964729E-01   0.000000E+00   0.000000E+00   0.000000E+00   1.000000E+00 
  3.300000E+00   2.832582E+00   2.500000E-01   0.000000E+00   6.277875E-01  -7.783848E-01   0.000000E+00   7.783848E-01   6.277875E-01   0.000000E+00   0.000000E+00   0.000000E+00   1.000000E+00 
  3.320000E+00   2.842176E+00   2.500000E-01   0.000000E+00   6.571883E-01  -7.537264E-01   0.000000E+00   7.537264E-01   6.571883E-01   0.000000E+00   0.000000E+00   0.000000E+00   1.000000E+00 
  3.340000E+00   2.851465E+00   2.500000E-01   0.000000E+00   6.847344E-01  -7.287927E-01   0.000000E+00   7.287927E-01   6.847344E-01   0.000000E+00   0.000000E+00   0.000000E+00   1.000000E+00 
  3.360000E+00   2.860452E+00   2.500000E-01   0.000000E+00   7.104867E-01  -7.037106E-01   0.000000E+00   7.037106E-01   7.104867E-01   0.000000E+00   0.000000E+00   0.000000E+00   1.000000E+00 
  3.380000E+00   2.869140E+00   2.500000E-01   0.000000E+00   7.345080E-01  -6.786000E-01   0.000000E+00   6.786000E-01   7.345080E-01   0.000000E+00   0.000000E+00   0.000000E+00   1.000000E+00 
  3.400000E+00   2.877514E+00   2.500000E-01   0.000000E+00   7.568200E-01  -6.536233E-01   0.000000E+00   6.536233E-01   7.568200E-01   0.000000E+00   0.000000E+00   0.000000E+00   1.000000E+00 
  3.420000E+00   2.885465E+00   2.500000E-01   0.000000E+00   7.772221E-01  -6.292263E-01   0.000000E+00   6.292263E-01   7.772221E-01   0.000000E+00   0.000000E+00   0.000000E+00   1.000000E+00 
  3.440000E+00   2.893073E+00   2.500000E-01   0.000000E+00   7.960081E-01  -6.052860E-01   0.000000E+00   6.052860E-01   7.960081E-01   0.000000E+00   0.000000E+00   0.000000E+00   1.000000E+00 
  3.460000E+00   2.900575E+00   2.500000E-01   0.000000E+00   8.138113E-01  -5.811292E-01   0.000000E+00   5.811292E-01   8.138113E-01   0.000000E+00   0.000000E+00   0.000000E+00   1.000000E+00 
  3.480000E+00   2.908223E+00   2.500000E-01   0.000000E+00   8.312053E-01  -5.559656E-01   0.000000E+00   5.559656E-01   8.312053E-01   0.000000E+00   0.000000E+00   0.000000E+00   1.000000E+00 
  3.500000E+00   2.916228E+00   2.500000E-01   0.000000E+00   8.485789E-01  -5.290688E-01   0.000000E+00   5.290688E-01   8.485789E-01   0.000000E+00   0.000000E+00   0.000000E+00   1.000000E+00 
  3.520000E+00   2.924754E+00   2.500000E-01   0.000000E+00   8.661240E-01  -4.998292E-01   0.000000E+00   4.998292E-01   8.661240E-01   0.000000E+00   0.000000E+00   0.000000E+00   1.000000E+00 
  3.540000E+00   2.933917E+00   2.500000E-01   0.000000E+00   8.838581E-01  -4.677551E-01   0.000000E+00   4.677551E-01   8.838581E-01   0.000000E+00   0.000000E+00   0.000000E+00   1.000000E+00 
  3.560000E+00   2.943799E+00   2.500000E-01   0.000000E+00   9.016530E-01  -4.324602E-01   0.000000E+00   4.324602E-01   9.016530E-01   0.000000E+00   0.000000E+00   0.000000E+00   1.000000E+00 
  3.580000E+00   2.954455E+00   2.500000E-01   0.000000E+00   9.192607E-01  -3.936494E-01   0.000000E+00   3.936494E-01   9.192607E-01   0.000000E+00   0.000000E+00   0.000000E+00   1.000000E+00 
  3.600000E+00   2.965915E+00   2.500000E-01   0.000000E+00   9.363342E-01  -3.511101E-01   0.000000E+00   3.511101E-01   9.363342E-01   0.000000E+00   0.000000E+00   0.000000E+00   1.000000E+00 
  3.620000E+00   2.978196E+00   2.500000E-01   0.000000E+00   9.524459E-01  -3.047076E-01   0.000000E+00   3.047076E-01   9.524459E-01   0.000000E+00   0.000000E+00   0.000000E+00   1.000000E+00 
  3.640000E+00   2.991301E+00   2.500000E-01   0.000000E+00   9.671033E-01  -2.543840E-01   0.000000E+00   2.543840E-01   9.671033E-01   0.000000E+00   0.000000E+00   0.000000E+00   1.000000E+00 
  3.660000E+00   3.005224E+00   2.500000E-01   0.000000E+00   9.797634E-01  -2.001591E-01   0.000000E+00   2.001591E-01   9.797634E-01   0.000000E+00   0.000000E+00   0.000000E+00   1.000000E+00 
  3.680000E+00   3.019950E+00   2.500000E-01   0.000000E+00   9.898475E-01  -1.421333E-01   0.000000E+00   1.421333E-01   9.898475E-01   0.000000E+00   0.000000E+00   0.000000E+00   1.000000E+00 
  3.700000E+00   3.035460E+00   2.500000E-01   0.000000E+00   9.967554E-01  -8.049005E-02   0.000000E+00   8.049005E-02   9.967554E-01   0.000000E+00   0.000000E+00   0.000000E+00   1.000000E+00 
  3.720000E+00   3.051729E+00   2.500000E-01   0.000000E+00   9.998799E-01  -1.549811E-02   0.000000E+00   1.549811E-02   9.998799E-01   0.000000E+00   0.000000E+00   0.000000E+00   1.000000E+00 
  3.740000E+00   3.068732E+00   2.500000E-01   0.000000E+00   9.986216E-01   5.248709E-02   0.000000E+00  -5.248709E-02   9.986216E-01   0.000000E+00   0.000000E+00   0.000000E+00   1.000000E+00 
  3.760000E+00   3.086438E+00   2.500000E-01   0.000000E+00   9.924038E-01   1.230234E-01   0.000000E+00  -1.230234E-01   9.924038E-01   0.000000E+00   0.000000E+00   0.000000E+00   1.000000E+00 
  3.780000E+00   3.104817E+00   2.500000E-01   0.000000E+00   9.806870E-01   1.955839E-01   0.000000E+00  -1.955839E-01   9.806870E-01   0.000000E+00   0.000000E+00   0.000000E+00   1.000000E+00 
  3.800000E+00   3.123838E+00   2.500000E-01   0.000000E+00   9.629835E-01   2.695602E-01   0.000000E+00  -2.695602E-01   9.629835E-01   0.000000E+00   0.000000E+00   0.000000E+00   1.000000E+00 
  3.820000E+00   3.143469E+00   2.500000E-01   0.000000E+00   9.388714E-01   3.442680E-01   0.000000E+00  -3.442680E-01   9.388714E-01   0.000000E+00   0.000000E+00   0.000000E+00   1.000000E+00 
  3.840000E+00   3.163677E+00   2.500000E-01   0.000000E+00   9.080087E-01   4.189514E-01   0.000000E+00  -4.189514E-01   9.080087E-01   0.000000E+00   0.000000E+00   0.000000E+00   1.000000E+00 
  3.860000E+00   3.184108E+00   2.500000E-01   0.000000E+00   8.707765E-01   4.916791E-01   0.000000E+00  -4.916791E-01   8.707765E-01   0.000000E+00   0.000000E+00   0.000000E+00   1.000000E+00 
  3.880000E+00   3.203801E+00   2.500000E-01   0.000000E+00   8.293864E-01   5.586754E-01   0.000000E+00  -5.586754E-01   8.293864E-01   0.000000E+00   0.000000E+00   0.000000E+00   1.000000E+00 
  3.900000E+00   3.221989E+00   2.500000E-01   0.000000E+00   7.865842E-01   6.174831E-01   0.000000E+00  -6.174831E-01   7.865842E-01   0.000000E+00   0.000000E+00   0.000000E+00   1.000000E+00 
  3.920000E+00   3.238154E+00   2.500000E-01   0.000000E+00   7.450414E-01   6.670182E-01   0.000000E+00  -6.670182E-01   7.450414E-01   0.000000E+00   0.000000E+00   0.000000E+00   1.000000E+00 
  3.940000E+00   3.252569E+00   2.500000E-01   0.000000E+00   7.053628E-01   7.088465E-01   0.000000E+00  -7.088465E-01   7.053628E-01   0.000000E+00   0.000000E+00   0.000000E+00   1.000000E+00 
  3.960000E+00   3.265883E+00   2.500000E-01   0.000000E+00   6.666309E-01   7.453880E-01   0.000000E+00  -7.453880E-01   6.666309E-01   0.000000E+00   0.000000E+00   0.000000E+00   1.000000E+00 
  3.980000E+00   3.278585E+00   2.500000E-01   0.000000E+00   6.279167E-01   7.782806E-01   0.000000E+00  -7.782806E-01   6.279167E-01   0.000000E+00   0.000000E+00   0.000000E+00   1.000000E+00 
  4.000000E+00   3.290967E+00   2.500000E-01   0.000000E+00   5.886139E-01   8.084143E-01   0.000000E+00  -8.084143E-01   5.886139E-01   0.000000E+00   0.000000E+00   0.000000E+00   1.000000E+00 
  4.020000E+00   3.303059E+00   2.500000E-01   0.000000E+00   5.488398E-01   8.359275E-01   0.000000E+00  -8.359275E-01   5.488398E-01   0.000000E+00   0.000000E+00   0.000000E+00   1.000000E+00 
