% FILE: MIPSI.2
%
%       t         P_No_Acm[1]    P_No_Acm[2]    P_No_Acm[3]     N_A[1,1]       N_A[1,2]       N_A[1,3]       N_A[2,1]       N_A[2,2]       N_A[2,3]       N_A[3,1]       N_A[3,2]       N_A[3,3]
%   (second)        (meter)        (meter)        (meter)       (NoUnits)      (NoUnits)      (NoUnits)      (NoUnits)      (NoUnits)      (NoUnits)      (NoUnits)      (NoUnits)      (NoUnits)

  0.000000E+00  -9.924039E-01   3.368241E-01   0.000000E+00   9.848078E-01  -1.736482E-01   0.000000E+00   1.736482E-01   9.848078E-01   0.000000E+00   0.000000E+00   0.000000E+00   1.000000E+00 
  2.000000E-02  -9.871038E-01   3.545619E-01   0.000000E+00   9.778892E-01  -2.091237E-01   0.000000E+00   2.091237E-01   9.778892E-01   0.000000E+00   0.000000E+00   0.000000E+00   1.000000E+00 
  4.000000E-02  -9.724978E-01   3.919256E-01   0.000000E+00   9.588683E-01  -2.838512E-01   0.000000E+00   2.838512E-01   9.588683E-01   0.000000E+00   0.000000E+00   0.000000E+00   1.000000E+00 
  6.000000E-02  -9.501817E-01   4.340468E-01   0.000000E+00   9.297888E-01  -3.680936E-01   0.000000E+00   3.680936E-01   9.297888E-01   0.000000E+00   0.000000E+00   0.000000E+00   1.000000E+00 
  8.000000E-02  -9.224777E-01   4.737275E-01   0.000000E+00   8.943064E-01  -4.474551E-01   0.000000E+00   4.474551E-01   8.943064E-01   0.000000E+00   0.000000E+00   0.000000E+00   1.000000E+00 
  1.000000E-01  -8.918945E-01   5.079989E-01   0.000000E+00   8.565899E-01  -5.159978E-01   0.000000E+00   5.159978E-01   8.565899E-01   0.000000E+00   0.000000E+00   0.000000E+00   1.000000E+00 
  1.200000E-01  -8.605226E-01   5.361147E-01   0.000000E+00   8.200936E-01  -5.722294E-01   0.000000E+00   5.722294E-01   8.200936E-01   0.000000E+00   0.000000E+00   0.000000E+00   1.000000E+00 
  1.400000E-01  -8.298167E-01   5.584088E-01   0.000000E+00   7.871061E-01  -6.168176E-01   0.000000E+00   6.168176E-01   7.871061E-01   0.000000E+00   0.000000E+00   0.000000E+00   1.000000E+00 
  1.600000E-01  -8.006252E-01   5.756639E-01   0.000000E+00   7.587964E-01  -6.513278E-01   0.000000E+00   6.513278E-01   7.587964E-01   0.000000E+00   0.000000E+00   0.000000E+00   1.000000E+00 
  1.800000E-01  -7.733233E-01   5.887794E-01   0.000000E+00   7.354686E-01  -6.775588E-01   0.000000E+00   6.775588E-01   7.354686E-01   0.000000E+00   0.000000E+00   0.000000E+00   1.000000E+00 
  2.000000E-01  -7.479676E-01   5.986094E-01   0.000000E+00   7.168584E-01  -6.972187E-01   0.000000E+00   6.972187E-01   7.168584E-01   0.000000E+00   0.000000E+00   0.000000E+00   1.000000E+00 
  2.200000E-01  -7.244297E-01   6.058946E-01   0.000000E+00   7.023931E-01  -7.117892E-01   0.000000E+00   7.117892E-01   7.023931E-01   0.000000E+00   0.000000E+00   0.000000E+00   1.000000E+00 
  2.400000E-01  -7.024958E-01   6.112446E-01   0.000000E+00   6.913821E-01  -7.224893E-01   0.000000E+00   7.224893E-01   6.913821E-01   0.000000E+00   0.000000E+00   0.000000E+00   1.000000E+00 
  2.600000E-01  -6.819324E-01   6.151436E-01   0.000000E+00   6.831402E-01  -7.302872E-01   0.000000E+00   7.302872E-01   6.831402E-01   0.000000E+00   0.000000E+00   0.000000E+00   1.000000E+00 
  2.800000E-01  -6.625218E-01   6.179668E-01   0.000000E+00   6.770537E-01  -7.359336E-01   0.000000E+00   7.359336E-01   6.770537E-01   0.000000E+00   0.000000E+00   0.000000E+00   1.000000E+00 
  3.000000E-01  -6.440789E-01   6.199998E-01   0.000000E+00   6.726073E-01  -7.399996E-01   0.000000E+00   7.399996E-01   6.726073E-01   0.000000E+00   0.000000E+00   0.000000E+00   1.000000E+00 
  3.200000E-01  -6.264549E-01   6.214567E-01   0.000000E+00   6.693875E-01  -7.429135E-01   0.000000E+00   7.429135E-01   6.693875E-01   0.000000E+00   0.000000E+00   0.000000E+00   1.000000E+00 
  3.400000E-01  -6.095343E-01   6.224965E-01   0.000000E+00   6.670723E-01  -7.449930E-01   0.000000E+00   7.449930E-01   6.670723E-01   0.000000E+00   0.000000E+00   0.000000E+00   1.000000E+00 
  3.600000E-01  -5.932301E-01   6.232358E-01   0.000000E+00   6.654173E-01  -7.464716E-01   0.000000E+00   7.464716E-01   6.654173E-01   0.000000E+00   0.000000E+00   0.000000E+00   1.000000E+00 
  3.800000E-01  -5.839106E-01   6.237597E-01   0.000000E+00   6.642399E-01  -7.475194E-01   0.000000E+00   7.475194E-01   6.642399E-01   0.000000E+00   0.000000E+00   0.000000E+00   1.000000E+00 
  4.000000E-01  -5.902506E-01   6.241299E-01   0.000000E+00   6.634057E-01  -7.482599E-01   0.000000E+00   7.482599E-01   6.634057E-01   0.000000E+00   0.000000E+00   0.000000E+00   1.000000E+00 
  4.200000E-01  -5.989995E-01   6.243909E-01   0.000000E+00   6.628167E-01  -7.487817E-01   0.000000E+00   7.487817E-01   6.628167E-01   0.000000E+00   0.000000E+00   0.000000E+00   1.000000E+00 
  4.400000E-01  -6.092095E-01   6.245743E-01   0.000000E+00   6.624019E-01  -7.491486E-01   0.000000E+00   7.491486E-01   6.624019E-01   0.000000E+00   0.000000E+00   0.000000E+00   1.000000E+00 
  4.600000E-01  -6.206929E-01   6.247030E-01   0.000000E+00   6.621107E-01  -7.494060E-01   0.000000E+00   7.494060E-01   6.621107E-01   0.000000E+00   0.000000E+00   0.000000E+00   1.000000E+00 
  4.800000E-01  -6.332879E-01   6.247931E-01   0.000000E+00   6.619067E-01  -7.495862E-01   0.000000E+00   7.495862E-01   6.619067E-01   0.000000E+00   0.000000E+00   0.000000E+00   1.000000E+00 
  5.000000E-01  -6.468539E-01   6.248561E-01   0.000000E+00   6.617641E-01  -7.497122E-01   0.000000E+00   7.497122E-01   6.617641E-01   0.000000E+00   0.000000E+00   0.000000E+00   1.000000E+00 
  5.200000E-01  -6.611020E-01   6.247364E-01   0.000000E+00   6.620352E-01  -7.494728E-01   0.000000E+00   7.494728E-01   6.620352E-01   0.000000E+00   0.000000E+00   0.000000E+00   1.000000E+00 
  5.400000E-01  -6.729596E-01   6.216794E-01   0.000000E+00   6.688929E-01  -7.433588E-01   0.000000E+00   7.433588E-01   6.688929E-01   0.000000E+00   0.000000E+00   0.000000E+00   1.000000E+00 
  5.600000E-01  -6.847541E-01   6.151391E-01   0.000000E+00   6.831498E-01  -7.302783E-01   0.000000E+00   7.302783E-01   6.831498E-01   0.000000E+00   0.000000E+00   0.000000E+00   1.000000E+00 
  5.800000E-01  -6.968114E-01   6.066109E-01   0.000000E+00   7.009384E-01  -7.132219E-01   0.000000E+00   7.132219E-01   7.009384E-01   0.000000E+00   0.000000E+00   0.000000E+00   1.000000E+00 
  6.000000E-01  -7.082295E-01   5.970439E-01   0.000000E+00   7.198904E-01  -6.940877E-01   0.000000E+00   6.940877E-01   7.198904E-01   0.000000E+00   0.000000E+00   0.000000E+00   1.000000E+00 
  6.200000E-01  -7.186338E-01   5.869773E-01   0.000000E+00   7.387727E-01  -6.739547E-01   0.000000E+00   6.739547E-01   7.387727E-01   0.000000E+00   0.000000E+00   0.000000E+00   1.000000E+00 
  6.400000E-01  -7.279383E-01   5.767080E-01   0.000000E+00   7.569991E-01  -6.534160E-01   0.000000E+00   6.534160E-01   7.569991E-01   0.000000E+00   0.000000E+00   0.000000E+00   1.000000E+00 
  6.600000E-01  -7.361996E-01   5.663911E-01   0.000000E+00   7.743298E-01  -6.327823E-01   0.000000E+00   6.327823E-01   7.743298E-01   0.000000E+00   0.000000E+00   0.000000E+00   1.000000E+00 
  6.800000E-01  -7.435352E-01   5.561018E-01   0.000000E+00   7.907002E-01  -6.122035E-01   0.000000E+00   6.122035E-01   7.907002E-01   0.000000E+00   0.000000E+00   0.000000E+00   1.000000E+00 
  7.000000E-01  -7.500809E-01   5.458705E-01   0.000000E+00   8.061281E-01  -5.917411E-01   0.000000E+00   5.917411E-01   8.061281E-01   0.000000E+00   0.000000E+00   0.000000E+00   1.000000E+00 
  7.200000E-01  -7.559689E-01   5.357049E-01   0.000000E+00   8.206648E-01  -5.714099E-01   0.000000E+00   5.714099E-01   8.206648E-01   0.000000E+00   0.000000E+00   0.000000E+00   1.000000E+00 
  7.400000E-01  -7.613191E-01   5.256012E-01   0.000000E+00   8.343715E-01  -5.512024E-01   0.000000E+00   5.512024E-01   8.343715E-01   0.000000E+00   0.000000E+00   0.000000E+00   1.000000E+00 
  7.600000E-01  -7.662355E-01   5.155509E-01   0.000000E+00   8.473080E-01  -5.311018E-01   0.000000E+00   5.311018E-01   8.473080E-01   0.000000E+00   0.000000E+00   0.000000E+00   1.000000E+00 
  7.800000E-01  -7.708062E-01   5.055445E-01   0.000000E+00   8.595278E-01  -5.110890E-01   0.000000E+00   5.110890E-01   8.595278E-01   0.000000E+00   0.000000E+00   0.000000E+00   1.000000E+00 
  8.000000E-01  -7.751043E-01   4.955728E-01   0.000000E+00   8.710775E-01  -4.911456E-01   0.000000E+00   4.911456E-01   8.710775E-01   0.000000E+00   0.000000E+00   0.000000E+00   1.000000E+00 
  8.200000E-01  -7.791900E-01   4.856280E-01   0.000000E+00   8.819964E-01  -4.712561E-01   0.000000E+00   4.712561E-01   8.819964E-01   0.000000E+00   0.000000E+00   0.000000E+00   1.000000E+00 
  8.400000E-01  -7.831118E-01   4.757037E-01   0.000000E+00   8.923179E-01  -4.514075E-01   0.000000E+00   4.514075E-01   8.923179E-01   0.000000E+00   0.000000E+00   0.000000E+00   1.000000E+00 
  8.600000E-01  -7.869091E-01   4.657948E-01   0.000000E+00   9.020701E-01  -4.315895E-01   0.000000E+00   4.315895E-01   9.020701E-01   0.000000E+00   0.000000E+00   0.000000E+00   1.000000E+00 
  8.800000E-01  -7.906127E-01   4.558971E-01   0.000000E+00   9.112768E-01  -4.117943E-01   0.000000E+00   4.117943E-01   9.112768E-01   0.000000E+00   0.000000E+00   0.000000E+00   1.000000E+00 
  9.000000E-01  -7.942469E-01   4.460079E-01   0.000000E+00   9.199585E-01  -3.920158E-01   0.000000E+00   3.920158E-01   9.199585E-01   0.000000E+00   0.000000E+00   0.000000E+00   1.000000E+00 
  9.200000E-01  -7.978302E-01   4.361247E-01   0.000000E+00   9.281327E-01  -3.722494E-01   0.000000E+00   3.722494E-01   9.281327E-01   0.000000E+00   0.000000E+00   0.000000E+00   1.000000E+00 
  9.400000E-01  -8.013763E-01   4.262459E-01   0.000000E+00   9.358149E-01  -3.524918E-01   0.000000E+00   3.524918E-01   9.358149E-01   0.000000E+00   0.000000E+00   0.000000E+00   1.000000E+00 
  9.600000E-01  -8.048952E-01   4.163703E-01   0.000000E+00   9.430184E-01  -3.327406E-01   0.000000E+00   3.327406E-01   9.430184E-01   0.000000E+00   0.000000E+00   0.000000E+00   1.000000E+00 
  9.800000E-01  -8.083933E-01   4.064970E-01   0.000000E+00   9.497551E-01  -3.129940E-01   0.000000E+00   3.129940E-01   9.497551E-01   0.000000E+00   0.000000E+00   0.000000E+00   1.000000E+00 
  1.000000E+00  -8.118745E-01   3.966253E-01   0.000000E+00   9.560356E-01  -2.932506E-01   0.000000E+00   2.932506E-01   9.560356E-01   0.000000E+00   0.000000E+00   0.000000E+00   1.000000E+00 
  1.020000E+00  -8.153405E-01   3.867547E-01   0.000000E+00   9.618693E-01  -2.735094E-01   0.000000E+00   2.735094E-01   9.618693E-01   0.000000E+00   0.000000E+00   0.000000E+00   1.000000E+00 
  1.040000E+00  -8.187911E-01   3.768850E-01   0.000000E+00   9.672646E-01  -2.537700E-01   0.000000E+00   2.537700E-01   9.672646E-01   0.000000E+00   0.000000E+00   0.000000E+00   1.000000E+00 
  1.060000E+00  -8.222245E-01   3.670158E-01   0.000000E+00   9.722290E-01  -2.340316E-01   0.000000E+00   2.340316E-01   9.722290E-01   0.000000E+00   0.000000E+00   0.000000E+00   1.000000E+00 
  1.080000E+00  -8.256379E-01   3.571471E-01   0.000000E+00   9.767692E-01  -2.142941E-01   0.000000E+00   2.142941E-01   9.767692E-01   0.000000E+00   0.000000E+00   0.000000E+00   1.000000E+00 
  1.100000E+00  -8.290274E-01   3.472786E-01   0.000000E+00   9.808912E-01  -1.945572E-01   0.000000E+00   1.945572E-01   9.808912E-01   0.000000E+00   0.000000E+00   0.000000E+00   1.000000E+00 
  1.120000E+00  -8.323884E-01   3.374103E-01   0.000000E+00   9.846003E-01  -1.748207E-01   0.000000E+00   1.748207E-01   9.846003E-01   0.000000E+00   0.000000E+00   0.000000E+00   1.000000E+00 
  1.140000E+00  -8.357156E-01   3.275422E-01   0.000000E+00   9.879012E-01  -1.550844E-01   0.000000E+00   1.550844E-01   9.879012E-01   0.000000E+00   0.000000E+00   0.000000E+00   1.000000E+00 
  1.160000E+00  -8.419924E-01   3.203786E-01   0.000000E+00   9.900441E-01  -1.407572E-01   0.000000E+00   1.407572E-01   9.900441E-01   0.000000E+00   0.000000E+00   0.000000E+00   1.000000E+00 
  1.180000E+00  -8.555682E-01   3.193742E-01   0.000000E+00   9.903277E-01  -1.387484E-01   0.000000E+00   1.387484E-01   9.903277E-01   0.000000E+00   0.000000E+00   0.000000E+00   1.000000E+00 
  1.200000E+00  -8.704571E-01   3.196241E-01   0.000000E+00   9.902575E-01  -1.392483E-01   0.000000E+00   1.392483E-01   9.902575E-01   0.000000E+00   0.000000E+00   0.000000E+00   1.000000E+00 
  1.220000E+00  -8.862451E-01   3.203207E-01   0.000000E+00   9.900606E-01  -1.406415E-01   0.000000E+00   1.406415E-01   9.900606E-01   0.000000E+00   0.000000E+00   0.000000E+00   1.000000E+00 
  1.240000E+00  -9.028393E-01   3.211423E-01   0.000000E+00   9.898258E-01  -1.422847E-01   0.000000E+00   1.422847E-01   9.898258E-01   0.000000E+00   0.000000E+00   0.000000E+00   1.000000E+00 
  1.260000E+00  -9.201424E-01   3.219308E-01   0.000000E+00   9.895978E-01  -1.438616E-01   0.000000E+00   1.438616E-01   9.895978E-01   0.000000E+00   0.000000E+00   0.000000E+00   1.000000E+00 
  1.280000E+00  -9.380599E-01   3.226186E-01   0.000000E+00   9.893969E-01  -1.452373E-01   0.000000E+00   1.452373E-01   9.893969E-01   0.000000E+00   0.000000E+00   0.000000E+00   1.000000E+00 
  1.300000E+00  -9.558105E-01   3.231866E-01   0.000000E+00   9.892295E-01  -1.463731E-01   0.000000E+00   1.463731E-01   9.892295E-01   0.000000E+00   0.000000E+00   0.000000E+00   1.000000E+00 
  1.320000E+00  -9.613133E-01   3.236436E-01   0.000000E+00   9.890938E-01  -1.472872E-01   0.000000E+00   1.472872E-01   9.890938E-01   0.000000E+00   0.000000E+00   0.000000E+00   1.000000E+00 
  1.340000E+00  -9.579325E-01   3.240374E-01   0.000000E+00   9.889762E-01  -1.480749E-01   0.000000E+00   1.480749E-01   9.889762E-01   0.000000E+00   0.000000E+00   0.000000E+00   1.000000E+00 
  1.360000E+00  -9.501730E-01   3.244019E-01   0.000000E+00   9.888667E-01  -1.488039E-01   0.000000E+00   1.488039E-01   9.888667E-01   0.000000E+00   0.000000E+00   0.000000E+00   1.000000E+00 
  1.380000E+00  -9.388150E-01   3.247539E-01   0.000000E+00   9.887606E-01  -1.495078E-01   0.000000E+00   1.495078E-01   9.887606E-01   0.000000E+00   0.000000E+00   0.000000E+00   1.000000E+00 
  1.400000E+00  -9.245308E-01   3.251021E-01   0.000000E+00   9.886550E-01  -1.502042E-01   0.000000E+00   1.502042E-01   9.886550E-01   0.000000E+00   0.000000E+00   0.000000E+00   1.000000E+00 
  1.420000E+00  -9.078973E-01   3.254510E-01   0.000000E+00   9.885487E-01  -1.509021E-01   0.000000E+00   1.509021E-01   9.885487E-01   0.000000E+00   0.000000E+00   0.000000E+00   1.000000E+00 
  1.440000E+00  -8.894088E-01   3.258025E-01   0.000000E+00   9.884411E-01  -1.516051E-01   0.000000E+00   1.516051E-01   9.884411E-01   0.000000E+00   0.000000E+00   0.000000E+00   1.000000E+00 
  1.460000E+00  -8.694867E-01   3.261572E-01   0.000000E+00   9.883321E-01  -1.523144E-01   0.000000E+00   1.523144E-01   9.883321E-01   0.000000E+00   0.000000E+00   0.000000E+00   1.000000E+00 
  1.480000E+00  -8.484891E-01   3.265150E-01   0.000000E+00   9.882216E-01  -1.530299E-01   0.000000E+00   1.530299E-01   9.882216E-01   0.000000E+00   0.000000E+00   0.000000E+00   1.000000E+00 
  1.500000E+00  -8.267190E-01   3.268754E-01   0.000000E+00   9.881097E-01  -1.537508E-01   0.000000E+00   1.537508E-01   9.881097E-01   0.000000E+00   0.000000E+00   0.000000E+00   1.000000E+00 
  1.520000E+00  -8.044315E-01   3.272381E-01   0.000000E+00   9.879965E-01  -1.544762E-01   0.000000E+00   1.544762E-01   9.879965E-01   0.000000E+00   0.000000E+00   0.000000E+00   1.000000E+00 
  1.540000E+00  -7.818401E-01   3.276026E-01   0.000000E+00   9.878823E-01  -1.552052E-01   0.000000E+00   1.552052E-01   9.878823E-01   0.000000E+00   0.000000E+00   0.000000E+00   1.000000E+00 
  1.560000E+00  -7.591224E-01   3.279685E-01   0.000000E+00   9.877670E-01  -1.559369E-01   0.000000E+00   1.559369E-01   9.877670E-01   0.000000E+00   0.000000E+00   0.000000E+00   1.000000E+00 
  1.580000E+00  -7.364249E-01   3.283354E-01   0.000000E+00   9.876509E-01  -1.566708E-01   0.000000E+00   1.566708E-01   9.876509E-01   0.000000E+00   0.000000E+00   0.000000E+00   1.000000E+00 
  1.600000E+00  -7.138674E-01   3.287032E-01   0.000000E+00   9.875339E-01  -1.574063E-01   0.000000E+00   1.574063E-01   9.875339E-01   0.000000E+00   0.000000E+00   0.000000E+00   1.000000E+00 
  1.620000E+00  -6.915467E-01   3.290715E-01   0.000000E+00   9.874162E-01  -1.581430E-01   0.000000E+00   1.581430E-01   9.874162E-01   0.000000E+00   0.000000E+00   0.000000E+00   1.000000E+00 
  1.640000E+00  -6.695399E-01   3.294403E-01   0.000000E+00   9.872978E-01  -1.588805E-01   0.000000E+00   1.588805E-01   9.872978E-01   0.000000E+00   0.000000E+00   0.000000E+00   1.000000E+00 
  1.660000E+00  -6.479073E-01   3.298093E-01   0.000000E+00   9.871787E-01  -1.596187E-01   0.000000E+00   1.596187E-01   9.871787E-01   0.000000E+00   0.000000E+00   0.000000E+00   1.000000E+00 
  1.680000E+00  -6.266947E-01   3.301787E-01   0.000000E+00   9.870590E-01  -1.603573E-01   0.000000E+00   1.603573E-01   9.870590E-01   0.000000E+00   0.000000E+00   0.000000E+00   1.000000E+00 
  1.700000E+00  -6.059124E-01   3.307683E-01   0.000000E+00   9.868667E-01  -1.615365E-01   0.000000E+00   1.615365E-01   9.868667E-01   0.000000E+00   0.000000E+00   0.000000E+00   1.000000E+00 
  1.720000E+00  -5.855066E-01   3.323768E-01   0.000000E+00   9.863347E-01  -1.647536E-01   0.000000E+00   1.647536E-01   9.863347E-01   0.000000E+00   0.000000E+00   0.000000E+00   1.000000E+00 
  1.740000E+00  -5.654703E-01   3.354000E-01   0.000000E+00   9.853057E-01  -1.708000E-01   0.000000E+00   1.708000E-01   9.853057E-01   0.000000E+00   0.000000E+00   0.000000E+00   1.000000E+00 
  1.760000E+00  -5.458251E-01   3.398618E-01   0.000000E+00   9.837171E-01  -1.797236E-01   0.000000E+00   1.797236E-01   9.837171E-01   0.000000E+00   0.000000E+00   0.000000E+00   1.000000E+00 
  1.780000E+00  -5.265958E-01   3.456084E-01   0.000000E+00   9.815478E-01  -1.912169E-01   0.000000E+00   1.912169E-01   9.815478E-01   0.000000E+00   0.000000E+00   0.000000E+00   1.000000E+00 
  1.800000E+00  -5.077778E-01   3.521511E-01   0.000000E+00   9.789078E-01  -2.043023E-01   0.000000E+00   2.043023E-01   9.789078E-01   0.000000E+00   0.000000E+00   0.000000E+00   1.000000E+00 
  1.820000E+00  -4.893161E-01   3.588777E-01   0.000000E+00   9.760034E-01  -2.177554E-01   0.000000E+00   2.177554E-01   9.760034E-01   0.000000E+00   0.000000E+00   0.000000E+00   1.000000E+00 
  1.840000E+00  -4.711349E-01   3.654758E-01   0.000000E+00   9.729652E-01  -2.309516E-01   0.000000E+00   2.309516E-01   9.729652E-01   0.000000E+00   0.000000E+00   0.000000E+00   1.000000E+00 
  1.860000E+00  -4.531522E-01   3.718190E-01   0.000000E+00   9.698663E-01  -2.436379E-01   0.000000E+00   2.436379E-01   9.698663E-01   0.000000E+00   0.000000E+00   0.000000E+00   1.000000E+00 
  1.880000E+00  -4.352888E-01   3.778850E-01   0.000000E+00   9.667376E-01  -2.557700E-01   0.000000E+00   2.557700E-01   9.667376E-01   0.000000E+00   0.000000E+00   0.000000E+00   1.000000E+00 
  1.900000E+00  -4.174922E-01   3.837392E-01   0.000000E+00   9.635639E-01  -2.674784E-01   0.000000E+00   2.674784E-01   9.635639E-01   0.000000E+00   0.000000E+00   0.000000E+00   1.000000E+00 
  1.920000E+00  -3.997273E-01   3.894516E-01   0.000000E+00   9.603192E-01  -2.789031E-01   0.000000E+00   2.789031E-01   9.603192E-01   0.000000E+00   0.000000E+00   0.000000E+00   1.000000E+00 
  1.940000E+00  -3.819662E-01   3.950691E-01   0.000000E+00   9.569848E-01  -2.901382E-01   0.000000E+00   2.901382E-01   9.569848E-01   0.000000E+00   0.000000E+00   0.000000E+00   1.000000E+00 
  1.960000E+00  -3.641860E-01   4.006232E-01   0.000000E+00   9.535463E-01  -3.012464E-01   0.000000E+00   3.012464E-01   9.535463E-01   0.000000E+00   0.000000E+00   0.000000E+00   1.000000E+00 
  1.980000E+00  -3.463686E-01   4.061348E-01   0.000000E+00   9.499935E-01  -3.122696E-01   0.000000E+00   3.122696E-01   9.499935E-01   0.000000E+00   0.000000E+00   0.000000E+00   1.000000E+00 
  2.000000E+00  -3.285000E-01   4.116176E-01   0.000000E+00   9.463187E-01  -3.232352E-01   0.000000E+00   3.232352E-01   9.463187E-01   0.000000E+00   0.000000E+00   0.000000E+00   1.000000E+00 
  2.020000E+00  -3.105686E-01   4.170809E-01   0.000000E+00   9.425158E-01  -3.341617E-01   0.000000E+00   3.341617E-01   9.425158E-01   0.000000E+00   0.000000E+00   0.000000E+00   1.000000E+00 
  2.040000E+00  -2.925652E-01   4.225309E-01   0.000000E+00   9.385800E-01  -3.450617E-01   0.000000E+00   3.450617E-01   9.385800E-01   0.000000E+00   0.000000E+00   0.000000E+00   1.000000E+00 
  2.060000E+00  -2.744821E-01   4.279719E-01   0.000000E+00   9.345074E-01  -3.559438E-01   0.000000E+00   3.559438E-01   9.345074E-01   0.000000E+00   0.000000E+00   0.000000E+00   1.000000E+00 
  2.080000E+00  -2.563131E-01   4.334067E-01   0.000000E+00   9.302946E-01  -3.668133E-01   0.000000E+00   3.668133E-01   9.302946E-01   0.000000E+00   0.000000E+00   0.000000E+00   1.000000E+00 
  2.100000E+00  -2.380533E-01   4.388370E-01   0.000000E+00   9.259386E-01  -3.776740E-01   0.000000E+00   3.776740E-01   9.259386E-01   0.000000E+00   0.000000E+00   0.000000E+00   1.000000E+00 
  2.120000E+00  -2.196984E-01   4.442642E-01   0.000000E+00   9.214367E-01  -3.885284E-01   0.000000E+00   3.885284E-01   9.214367E-01   0.000000E+00   0.000000E+00   0.000000E+00   1.000000E+00 
  2.140000E+00  -2.012451E-01   4.496892E-01   0.000000E+00   9.167862E-01  -3.993784E-01   0.000000E+00   3.993784E-01   9.167862E-01   0.000000E+00   0.000000E+00   0.000000E+00   1.000000E+00 
  2.160000E+00  -1.826904E-01   4.551126E-01   0.000000E+00   9.119842E-01  -4.102252E-01   0.000000E+00   4.102252E-01   9.119842E-01   0.000000E+00   0.000000E+00   0.000000E+00   1.000000E+00 
  2.180000E+00  -1.640317E-01   4.605347E-01   0.000000E+00   9.070284E-01  -4.210695E-01   0.000000E+00   4.210695E-01   9.070284E-01   0.000000E+00   0.000000E+00   0.000000E+00   1.000000E+00 
  2.200000E+00  -1.452666E-01   4.659558E-01   0.000000E+00   9.019159E-01  -4.319117E-01   0.000000E+00   4.319117E-01   9.019159E-01   0.000000E+00   0.000000E+00   0.000000E+00   1.000000E+00 
  2.220000E+00  -1.263930E-01   4.713762E-01   0.000000E+00   8.966440E-01  -4.427523E-01   0.000000E+00   4.427523E-01   8.966440E-01   0.000000E+00   0.000000E+00   0.000000E+00   1.000000E+00 
  2.240000E+00  -1.074094E-01   4.767959E-01   0.000000E+00   8.912096E-01  -4.535917E-01   0.000000E+00   4.535917E-01   8.912096E-01   0.000000E+00   0.000000E+00   0.000000E+00   1.000000E+00 
  2.260000E+00  -8.831398E-02   4.822155E-01   0.000000E+00   8.856093E-01  -4.644309E-01   0.000000E+00   4.644309E-01   8.856093E-01   0.000000E+00   0.000000E+00   0.000000E+00   1.000000E+00 
  2.280000E+00  -6.910527E-02   4.876357E-01   0.000000E+00   8.798393E-01  -4.752713E-01   0.000000E+00   4.752713E-01   8.798393E-01   0.000000E+00   0.000000E+00   0.000000E+00   1.000000E+00 
  2.300000E+00  -4.978194E-02   4.930567E-01   0.000000E+00   8.738957E-01  -4.861134E-01   0.000000E+00   4.861134E-01   8.738957E-01   0.000000E+00   0.000000E+00   0.000000E+00   1.000000E+00 
  2.320000E+00  -3.034290E-02   4.984787E-01   0.000000E+00   8.677750E-01  -4.969574E-01   0.000000E+00   4.969574E-01   8.677750E-01   0.000000E+00   0.000000E+00   0.000000E+00   1.000000E+00 
  2.340000E+00  -1.078718E-02   5.039014E-01   0.000000E+00   8.614733E-01  -5.078028E-01   0.000000E+00   5.078028E-01   8.614733E-01   0.000000E+00   0.000000E+00   0.000000E+00   1.000000E+00 
  2.360000E+00   8.885497E-03   5.093243E-01   0.000000E+00   8.549875E-01  -5.186486E-01   0.000000E+00   5.186486E-01   8.549875E-01   0.000000E+00   0.000000E+00   0.000000E+00   1.000000E+00 
  2.380000E+00   2.867535E-02   5.147469E-01   0.000000E+00   8.483138E-01  -5.294938E-01   0.000000E+00   5.294938E-01   8.483138E-01   0.000000E+00   0.000000E+00   0.000000E+00   1.000000E+00 
  2.400000E+00   4.858296E-02   5.201690E-01   0.000000E+00   8.414480E-01  -5.403381E-01   0.000000E+00   5.403381E-01   8.414480E-01   0.000000E+00   0.000000E+00   0.000000E+00   1.000000E+00 
  2.420000E+00   6.860922E-02   5.255906E-01   0.000000E+00   8.343855E-01  -5.511813E-01   0.000000E+00   5.511813E-01   8.343855E-01   0.000000E+00   0.000000E+00   0.000000E+00   1.000000E+00 
  2.440000E+00   8.875544E-02   5.310117E-01   0.000000E+00   8.271213E-01  -5.620234E-01   0.000000E+00   5.620234E-01   8.271213E-01   0.000000E+00   0.000000E+00   0.000000E+00   1.000000E+00 
  2.460000E+00   1.090236E-01   5.364322E-01   0.000000E+00   8.196501E-01  -5.728645E-01   0.000000E+00   5.728645E-01   8.196501E-01   0.000000E+00   0.000000E+00   0.000000E+00   1.000000E+00 
  2.480000E+00   1.294161E-01   5.418522E-01   0.000000E+00   8.119662E-01  -5.837045E-01   0.000000E+00   5.837045E-01   8.119662E-01   0.000000E+00   0.000000E+00   0.000000E+00   1.000000E+00 
  2.500000E+00   1.499351E-01   5.472718E-01   0.000000E+00   8.040634E-01  -5.945436E-01   0.000000E+00   5.945436E-01   8.040634E-01   0.000000E+00   0.000000E+00   0.000000E+00   1.000000E+00 
  2.520000E+00   1.705834E-01   5.526910E-01   0.000000E+00   7.959351E-01  -6.053820E-01   0.000000E+00   6.053820E-01   7.959351E-01   0.000000E+00   0.000000E+00   0.000000E+00   1.000000E+00 
  2.540000E+00   1.913642E-01   5.581104E-01   0.000000E+00   7.875735E-01  -6.162207E-01   0.000000E+00   6.162207E-01   7.875735E-01   0.000000E+00   0.000000E+00   0.000000E+00   1.000000E+00 
  2.560000E+00   2.122808E-01   5.635305E-01   0.000000E+00   7.789702E-01  -6.270610E-01   0.000000E+00   6.270610E-01   7.789702E-01   0.000000E+00   0.000000E+00   0.000000E+00   1.000000E+00 
  2.580000E+00   2.333368E-01   5.689516E-01   0.000000E+00   7.701166E-01  -6.379031E-01   0.000000E+00   6.379031E-01   7.701166E-01   0.000000E+00   0.000000E+00   0.000000E+00   1.000000E+00 
  2.600000E+00   2.545357E-01   5.743736E-01   0.000000E+00   7.610040E-01  -6.487472E-01   0.000000E+00   6.487472E-01   7.610040E-01   0.000000E+00   0.000000E+00   0.000000E+00   1.000000E+00 
  2.620000E+00   2.758167E-01   5.797658E-01   0.000000E+00   7.516768E-01  -6.595316E-01   0.000000E+00   6.595316E-01   7.516768E-01   0.000000E+00   0.000000E+00   0.000000E+00   1.000000E+00 
  2.640000E+00   2.968083E-01   5.849751E-01   0.000000E+00   7.424061E-01  -6.699502E-01   0.000000E+00   6.699502E-01   7.424061E-01   0.000000E+00   0.000000E+00   0.000000E+00   1.000000E+00 
  2.660000E+00   3.171593E-01   5.899116E-01   0.000000E+00   7.333761E-01  -6.798231E-01   0.000000E+00   6.798231E-01   7.333761E-01   0.000000E+00   0.000000E+00   0.000000E+00   1.000000E+00 
  2.680000E+00   3.366361E-01   5.945645E-01   0.000000E+00   7.246388E-01  -6.891289E-01   0.000000E+00   6.891289E-01   7.246388E-01   0.000000E+00   0.000000E+00   0.000000E+00   1.000000E+00 
  2.700000E+00   3.550788E-01   5.989540E-01   0.000000E+00   7.161874E-01  -6.979080E-01   0.000000E+00   6.979080E-01   7.161874E-01   0.000000E+00   0.000000E+00   0.000000E+00   1.000000E+00 
  2.720000E+00   3.719325E-01   6.026634E-01   0.000000E+00   7.088824E-01  -7.053267E-01   0.000000E+00   7.053267E-01   7.088824E-01   0.000000E+00   0.000000E+00   0.000000E+00   1.000000E+00 
  2.740000E+00   3.862685E-01   6.049030E-01   0.000000E+00   7.043972E-01  -7.098060E-01   0.000000E+00   7.098060E-01   7.043972E-01   0.000000E+00   0.000000E+00   0.000000E+00   1.000000E+00 
  2.760000E+00   3.977110E-01   6.054198E-01   0.000000E+00   7.033541E-01  -7.108397E-01   0.000000E+00   7.108397E-01   7.033541E-01   0.000000E+00   0.000000E+00   0.000000E+00   1.000000E+00 
  2.780000E+00   4.062761E-01   6.042874E-01   0.000000E+00   7.056358E-01  -7.085747E-01   0.000000E+00   7.085747E-01   7.056358E-01   0.000000E+00   0.000000E+00   0.000000E+00   1.000000E+00 
  2.800000E+00   4.121791E-01   6.017044E-01   0.000000E+00   7.107855E-01  -7.034088E-01   0.000000E+00   7.034088E-01   7.107855E-01   0.000000E+00   0.000000E+00   0.000000E+00   1.000000E+00 
  2.820000E+00   4.157174E-01   5.977867E-01   0.000000E+00   7.184550E-01  -6.955734E-01   0.000000E+00   6.955734E-01   7.184550E-01   0.000000E+00   0.000000E+00   0.000000E+00   1.000000E+00 
  2.840000E+00   4.172800E-01   5.926607E-01   0.000000E+00   7.282408E-01  -6.853214E-01   0.000000E+00   6.853214E-01   7.282408E-01   0.000000E+00   0.000000E+00   0.000000E+00   1.000000E+00 
  2.860000E+00   4.172925E-01   5.865135E-01   0.000000E+00   7.396179E-01  -6.730270E-01   0.000000E+00   6.730270E-01   7.396179E-01   0.000000E+00   0.000000E+00   0.000000E+00   1.000000E+00 
  2.880000E+00   4.161521E-01   5.795403E-01   0.000000E+00   7.520724E-01  -6.590805E-01   0.000000E+00   6.590805E-01   7.520724E-01   0.000000E+00   0.000000E+00   0.000000E+00   1.000000E+00 
  2.900000E+00   4.142000E-01   5.719184E-01   0.000000E+00   7.651629E-01  -6.438368E-01   0.000000E+00   6.438368E-01   7.651629E-01   0.000000E+00   0.000000E+00   0.000000E+00   1.000000E+00 
  2.920000E+00   4.117143E-01   5.637981E-01   0.000000E+00   7.785390E-01  -6.275963E-01   0.000000E+00   6.275963E-01   7.785390E-01   0.000000E+00   0.000000E+00   0.000000E+00   1.000000E+00 
  2.940000E+00   4.089148E-01   5.553011E-01   0.000000E+00   7.919374E-01  -6.106023E-01   0.000000E+00   6.106023E-01   7.919374E-01   0.000000E+00   0.000000E+00   0.000000E+00   1.000000E+00 
  2.960000E+00   4.059709E-01   5.465230E-01   0.000000E+00   8.051685E-01  -5.930461E-01   0.000000E+00   5.930461E-01   8.051685E-01   0.000000E+00   0.000000E+00   0.000000E+00   1.000000E+00 
  2.980000E+00   4.030116E-01   5.375373E-01   0.000000E+00   8.181009E-01  -5.750747E-01   0.000000E+00   5.750747E-01   8.181009E-01   0.000000E+00   0.000000E+00   0.000000E+00   1.000000E+00 
  3.000000E+00   4.001339E-01   5.283997E-01   0.000000E+00   8.306471E-01  -5.567993E-01   0.000000E+00   5.567993E-01   8.306471E-01   0.000000E+00   0.000000E+00   0.000000E+00   1.000000E+00 
  3.020000E+00   3.974102E-01   5.191515E-01   0.000000E+00   8.427514E-01  -5.383029E-01   0.000000E+00   5.383029E-01   8.427514E-01   0.000000E+00   0.000000E+00   0.000000E+00   1.000000E+00 
  3.040000E+00   3.948941E-01   5.098234E-01   0.000000E+00   8.543811E-01  -5.196469E-01   0.000000E+00   5.196469E-01   8.543811E-01   0.000000E+00   0.000000E+00   0.000000E+00   1.000000E+00 
  3.060000E+00   3.926249E-01   5.004380E-01   0.000000E+00   8.655190E-01  -5.008761E-01   0.000000E+00   5.008761E-01   8.655190E-01   0.000000E+00   0.000000E+00   0.000000E+00   1.000000E+00 
  3.080000E+00   3.906310E-01   4.910116E-01   0.000000E+00   8.761585E-01  -4.820231E-01   0.000000E+00   4.820231E-01   8.761585E-01   0.000000E+00   0.000000E+00   0.000000E+00   1.000000E+00 
  3.100000E+00   3.889324E-01   4.815558E-01   0.000000E+00   8.862999E-01  -4.631117E-01   0.000000E+00   4.631117E-01   8.862999E-01   0.000000E+00   0.000000E+00   0.000000E+00   1.000000E+00 
  3.120000E+00   3.875431E-01   4.720793E-01   0.000000E+00   8.959481E-01  -4.441587E-01   0.000000E+00   4.441587E-01   8.959481E-01   0.000000E+00   0.000000E+00   0.000000E+00   1.000000E+00 
  3.140000E+00   3.864719E-01   4.625881E-01   0.000000E+00   9.051106E-01  -4.251762E-01   0.000000E+00   4.251762E-01   9.051106E-01   0.000000E+00   0.000000E+00   0.000000E+00   1.000000E+00 
  3.160000E+00   3.857242E-01   4.530865E-01   0.000000E+00   9.137962E-01  -4.061730E-01   0.000000E+00   4.061730E-01   9.137962E-01   0.000000E+00   0.000000E+00   0.000000E+00   1.000000E+00 
  3.180000E+00   3.853024E-01   4.435776E-01   0.000000E+00   9.220146E-01  -3.871552E-01   0.000000E+00   3.871552E-01   9.220146E-01   0.000000E+00   0.000000E+00   0.000000E+00   1.000000E+00 
  3.200000E+00   3.852065E-01   4.340636E-01   0.000000E+00   9.297755E-01  -3.681271E-01   0.000000E+00   3.681271E-01   9.297755E-01   0.000000E+00   0.000000E+00   0.000000E+00   1.000000E+00 
  3.220000E+00   3.854352E-01   4.245459E-01   0.000000E+00   9.370885E-01  -3.490918E-01   0.000000E+00   3.490918E-01   9.370885E-01   0.000000E+00   0.000000E+00   0.000000E+00   1.000000E+00 
  3.240000E+00   3.859854E-01   4.150257E-01   0.000000E+00   9.439629E-01  -3.300515E-01   0.000000E+00   3.300515E-01   9.439629E-01   0.000000E+00   0.000000E+00   0.000000E+00   1.000000E+00 
  3.260000E+00   3.868535E-01   4.055038E-01   0.000000E+00   9.504074E-01  -3.110076E-01   0.000000E+00   3.110076E-01   9.504074E-01   0.000000E+00   0.000000E+00   0.000000E+00   1.000000E+00 
  3.280000E+00   3.880347E-01   3.959807E-01   0.000000E+00   9.564301E-01  -2.919613E-01   0.000000E+00   2.919613E-01   9.564301E-01   0.000000E+00   0.000000E+00   0.000000E+00   1.000000E+00 
  3.300000E+00   3.895239E-01   3.864566E-01   0.000000E+00   9.620386E-01  -2.729133E-01   0.000000E+00   2.729133E-01   9.620386E-01   0.000000E+00   0.000000E+00   0.000000E+00   1.000000E+00 
  3.320000E+00   3.913157E-01   3.769320E-01   0.000000E+00   9.672399E-01  -2.538641E-01   0.000000E+00   2.538641E-01   9.672399E-01   0.000000E+00   0.000000E+00   0.000000E+00   1.000000E+00 
  3.340000E+00   3.934043E-01   3.674070E-01   0.000000E+00   9.720403E-01  -2.348140E-01   0.000000E+00   2.348140E-01   9.720403E-01   0.000000E+00   0.000000E+00   0.000000E+00   1.000000E+00 
  3.360000E+00   3.957839E-01   3.578817E-01   0.000000E+00   9.764457E-01  -2.157634E-01   0.000000E+00   2.157634E-01   9.764457E-01   0.000000E+00   0.000000E+00   0.000000E+00   1.000000E+00 
  3.380000E+00   3.984485E-01   3.483562E-01   0.000000E+00   9.804612E-01  -1.967124E-01   0.000000E+00   1.967124E-01   9.804612E-01   0.000000E+00   0.000000E+00   0.000000E+00   1.000000E+00 
  3.400000E+00   4.014164E-01   3.389053E-01   0.000000E+00   9.840647E-01  -1.778105E-01   0.000000E+00   1.778105E-01   9.840647E-01   0.000000E+00   0.000000E+00   0.000000E+00   1.000000E+00 
  3.420000E+00   4.049290E-01   3.302869E-01   0.000000E+00   9.870238E-01  -1.605739E-01   0.000000E+00   1.605739E-01   9.870238E-01   0.000000E+00   0.000000E+00   0.000000E+00   1.000000E+00 
  3.440000E+00   4.092101E-01   3.231447E-01   0.000000E+00   9.892418E-01  -1.462895E-01   0.000000E+00   1.462895E-01   9.892418E-01   0.000000E+00   0.000000E+00   0.000000E+00   1.000000E+00 
  3.460000E+00   4.143530E-01   3.176130E-01   0.000000E+00   9.908148E-01  -1.352261E-01   0.000000E+00   1.352261E-01   9.908148E-01   0.000000E+00   0.000000E+00   0.000000E+00   1.000000E+00 
  3.480000E+00   4.203986E-01   3.135771E-01   0.000000E+00   9.918830E-01  -1.271542E-01   0.000000E+00   1.271542E-01   9.918830E-01   0.000000E+00   0.000000E+00   0.000000E+00   1.000000E+00 
  3.500000E+00   4.273680E-01   3.108228E-01   0.000000E+00   9.925736E-01  -1.216457E-01   0.000000E+00   1.216457E-01   9.925736E-01   0.000000E+00   0.000000E+00   0.000000E+00   1.000000E+00 
  3.520000E+00   4.352742E-01   3.091147E-01   0.000000E+00   9.929863E-01  -1.182295E-01   0.000000E+00   1.182295E-01   9.929863E-01   0.000000E+00   0.000000E+00   0.000000E+00   1.000000E+00 
  3.540000E+00   4.441249E-01   3.082333E-01   0.000000E+00   9.931946E-01  -1.164666E-01   0.000000E+00   1.164666E-01   9.931946E-01   0.000000E+00   0.000000E+00   0.000000E+00   1.000000E+00 
  3.560000E+00   4.539219E-01   3.079900E-01   0.000000E+00   9.932515E-01  -1.159800E-01   0.000000E+00   1.159800E-01   9.932515E-01   0.000000E+00   0.000000E+00   0.000000E+00   1.000000E+00 
  3.580000E+00   4.646618E-01   3.082308E-01   0.000000E+00   9.931952E-01  -1.164616E-01   0.000000E+00   1.164616E-01   9.931952E-01   0.000000E+00   0.000000E+00   0.000000E+00   1.000000E+00 
  3.600000E+00   4.763354E-01   3.088339E-01   0.000000E+00   9.930530E-01  -1.176678E-01   0.000000E+00   1.176678E-01   9.930530E-01   0.000000E+00   0.000000E+00   0.000000E+00   1.000000E+00 
  3.620000E+00   4.889287E-01   3.097051E-01   0.000000E+00   9.928450E-01  -1.194102E-01   0.000000E+00   1.194102E-01   9.928450E-01   0.000000E+00   0.000000E+00   0.000000E+00   1.000000E+00 
  3.640000E+00   5.024227E-01   3.107731E-01   0.000000E+00   9.925858E-01  -1.215461E-01   0.000000E+00   1.215461E-01   9.925858E-01   0.000000E+00   0.000000E+00   0.000000E+00   1.000000E+00 
  3.660000E+00   5.167948E-01   3.119842E-01   0.000000E+00   9.922862E-01  -1.239684E-01   0.000000E+00   1.239684E-01   9.922862E-01   0.000000E+00   0.000000E+00   0.000000E+00   1.000000E+00 
  3.680000E+00   5.320189E-01   3.132990E-01   0.000000E+00   9.919541E-01  -1.265980E-01   0.000000E+00   1.265980E-01   9.919541E-01   0.000000E+00   0.000000E+00   0.000000E+00   1.000000E+00 
  3.700000E+00   5.480665E-01   3.146884E-01   0.000000E+00   9.915955E-01  -1.293768E-01   0.000000E+00   1.293768E-01   9.915955E-01   0.000000E+00   0.000000E+00   0.000000E+00   1.000000E+00 
  3.720000E+00   5.649073E-01   3.161312E-01   0.000000E+00   9.912147E-01  -1.322624E-01   0.000000E+00   1.322624E-01   9.912147E-01   0.000000E+00   0.000000E+00   0.000000E+00   1.000000E+00 
  3.740000E+00   5.825093E-01   3.176121E-01   0.000000E+00   9.908150E-01  -1.352242E-01   0.000000E+00   1.352242E-01   9.908150E-01   0.000000E+00   0.000000E+00   0.000000E+00   1.000000E+00 
  3.760000E+00   6.008399E-01   3.191201E-01   0.000000E+00   9.903987E-01  -1.382402E-01   0.000000E+00   1.382402E-01   9.903987E-01   0.000000E+00   0.000000E+00   0.000000E+00   1.000000E+00 
  3.780000E+00   6.198659E-01   3.206473E-01   0.000000E+00   9.899676E-01  -1.412945E-01   0.000000E+00   1.412945E-01   9.899676E-01   0.000000E+00   0.000000E+00   0.000000E+00   1.000000E+00 
  3.800000E+00   6.395538E-01   3.221880E-01   0.000000E+00   9.895229E-01  -1.443759E-01   0.000000E+00   1.443759E-01   9.895229E-01   0.000000E+00   0.000000E+00   0.000000E+00   1.000000E+00 
  3.820000E+00   6.598705E-01   3.237382E-01   0.000000E+00   9.890656E-01  -1.474765E-01   0.000000E+00   1.474765E-01   9.890656E-01   0.000000E+00   0.000000E+00   0.000000E+00   1.000000E+00 
  3.840000E+00   6.807830E-01   3.252968E-01   0.000000E+00   9.885958E-01  -1.505936E-01   0.000000E+00   1.505936E-01   9.885958E-01   0.000000E+00   0.000000E+00   0.000000E+00   1.000000E+00 
  3.860000E+00   7.021652E-01   3.273482E-01   0.000000E+00   9.879621E-01  -1.546963E-01   0.000000E+00   1.546963E-01   9.879621E-01   0.000000E+00   0.000000E+00   0.000000E+00   1.000000E+00 
  3.880000E+00   7.236412E-01   3.310533E-01   0.000000E+00   9.867732E-01  -1.621066E-01   0.000000E+00   1.621066E-01   9.867732E-01   0.000000E+00   0.000000E+00   0.000000E+00   1.000000E+00 
  3.900000E+00   7.448061E-01   3.368788E-01   0.000000E+00   9.847884E-01  -1.737577E-01   0.000000E+00   1.737577E-01   9.847884E-01   0.000000E+00   0.000000E+00   0.000000E+00   1.000000E+00 
  3.920000E+00   7.653280E-01   3.447416E-01   0.000000E+00   9.818840E-01  -1.894832E-01   0.000000E+00   1.894832E-01   9.818840E-01   0.000000E+00   0.000000E+00   0.000000E+00   1.000000E+00 
  3.940000E+00   7.851762E-01   3.536859E-01   0.000000E+00   9.782622E-01  -2.073719E-01   0.000000E+00   2.073719E-01   9.782622E-01   0.000000E+00   0.000000E+00   0.000000E+00   1.000000E+00 
  3.960000E+00   8.045213E-01   3.627540E-01   0.000000E+00   9.742413E-01  -2.255080E-01   0.000000E+00   2.255080E-01   9.742413E-01   0.000000E+00   0.000000E+00   0.000000E+00   1.000000E+00 
  3.980000E+00   8.235413E-01   3.714947E-01   0.000000E+00   9.700290E-01  -2.429893E-01   0.000000E+00   2.429893E-01   9.700290E-01   0.000000E+00   0.000000E+00   0.000000E+00   1.000000E+00 
  4.000000E+00   8.423795E-01   3.797833E-01   0.000000E+00   9.657252E-01  -2.595666E-01   0.000000E+00   2.595666E-01   9.657252E-01   0.000000E+00   0.000000E+00   0.000000E+00   1.000000E+00 
  4.020000E+00   8.610818E-01   3.877200E-01   0.000000E+00   9.613183E-01  -2.754399E-01   0.000000E+00   2.754399E-01   9.613183E-01   0.000000E+00   0.000000E+00   0.000000E+00   1.000000E+00 
